  3.1213820000e+00,  8.1014945401e+00,  1.5798665419e+00,  1.2076379869e+00,  5.9505112416e-01,  1.6575417200e+00,  1.0790332108e+00,  3.1213820000e+00,  2.5609104000e+00,  6.4150859616e-01,  3.2674381761e+02,  2.4928048480e-01,  7.5615256906e-03,  3.1841185654e+00, -1.6579900000e-01,  3.2557000000e+01,  2.8619800000e-01,  6.6000000000e-01
  3.1213820000e+00,  7.7162556027e+00,  1.7035570802e+00,  1.3592578862e+00,  5.2745240401e-01,  1.3763854745e+00,  1.3338314403e+00,  3.1213820000e+00,  2.5609104000e+00,  7.4126675057e-01,  2.8138641916e+02,  2.4997977590e-01,  7.3541376488e-03,  3.2510727693e+00, -1.6579900000e-01,  3.2557000000e+01,  2.8619800000e-01,  6.6000000000e-01
  3.1213820000e+00,  9.4151215984e+00,  1.5394791151e+00,  1.1436802819e+00,  5.8621455352e-01,  1.3718013140e+00,  1.1993806618e+00,  3.1213820000e+00,  2.5609104000e+00,  7.6989024041e-01,  3.0895937089e+02,  2.9132652606e-01,  7.7630439635e-03,  2.9311408125e+00, -1.6579900000e-01,  3.2557000000e+01,  2.8619800000e-01,  6.6000000000e-01
  3.1213820000e+00,  6.9441816935e+00,  1.4886495031e+00,  1.1148726666e+00,  5.4792388412e-01,  1.3351443598e+00,  1.0746487096e+00,  3.1213820000e+00,  2.5609104000e+00,  6.6301739533e-01,  3.4303524431e+02,  2.4346075055e-01,  7.1826028273e-03,  3.0748295490e+00, -1.6579900000e-01,  3.2557000000e+01,  2.8619800000e-01,  6.6000000000e-01
  3.1213820000e+00,  8.4283377931e+00,  1.6706622760e+00,  1.0103840885e+00,  5.0559306691e-01,  1.5139980687e+00,  1.1787064464e+00,  3.1213820000e+00,  2.5609104000e+00,  6.7443781448e-01,  2.9150640334e+02,  2.2763405022e-01,  7.4355502570e-03,  2.9920198073e+00, -1.6579900000e-01,  3.2557000000e+01,  2.8619800000e-01,  6.6000000000e-01
  3.1213820000e+00,  7.6890546799e+00,  1.3750284772e+00,  1.2325369677e+00,  6.3051277981e-01,  1.4779590126e+00,  1.1420612701e+00,  3.1213820000e+00,  2.5609104000e+00,  7.7941090070e-01,  3.0752775514e+02,  2.0891817189e-01,  7.5290685050e-03,  3.0595908668e+00, -1.6579900000e-01,  3.2557000000e+01,  2.8619800000e-01,  6.6000000000e-01
  3.1213820000e+00,  8.0955026001e+00,  1.7288168579e+00,  1.1736679267e+00,  6.0804078976e-01,  1.3304282264e+00,  1.1181339603e+00,  3.1213820000e+00,  2.5609104000e+00,  6.7702135028e-01,  3.3962766753e+02,  2.1451347202e-01,  7.6830260450e-03,  2.7357889014e+00, -1.6579900000e-01,  3.2557000000e+01,  2.8619800000e-01,  6.6000000000e-01
  3.1213820000e+00,  7.8339219498e+00,  1.3382722868e+00,  1.2009352627e+00,  6.4925625358e-01,  1.5047392841e+00,  1.1703293655e+00,  3.1213820000e+00,  2.5609104000e+00,  6.9610064891e-01,  2.9742655032e+02,  2.5722423723e-01,  6.6333377495e-03,  2.9373605458e+00, -1.6579900000e-01,  3.2557000000e+01,  2.8619800000e-01,  6.6000000000e-01
  3.1213820000e+00,  8.3816670860e+00,  1.3256021336e+00,  1.1572251714e+00,  6.4320163464e-01,  1.4753780624e+00,  9.3187221008e-01,  3.1213820000e+00,  2.5609104000e+00,  7.3131162306e-01,  2.9761462221e+02,  2.5594178130e-01,  7.7515358199e-03,  3.0818316024e+00, -1.6579900000e-01,  3.2557000000e+01,  2.8619800000e-01,  6.6000000000e-01
  3.1213820000e+00,  8.6467358047e+00,  1.3598449311e+00,  1.3243160344e+00,  6.0900667892e-01,  1.6522863189e+00,  1.2978281916e+00,  3.1213820000e+00,  2.5609104000e+00,  7.9164154056e-01,  2.8216274208e+02,  2.9016672990e-01,  5.7485235433e-03,  3.0957989241e+00, -1.6579900000e-01,  3.2557000000e+01,  2.8619800000e-01,  6.6000000000e-01
  3.1213820000e+00,  8.2276368249e+00,  1.2858577148e+00,  1.2717133330e+00,  6.4231146951e-01,  1.6866275436e+00,  1.2150836841e+00,  3.1213820000e+00,  2.5609104000e+00,  6.6673924071e-01,  3.0305756583e+02,  2.4079298959e-01,  7.3650158680e-03,  3.5570714390e+00, -1.6579900000e-01,  3.2557000000e+01,  2.8619800000e-01,  6.6000000000e-01
  3.1213820000e+00,  9.3215484939e+00,  1.6417196939e+00,  1.3152648399e+00,  4.8296720690e-01,  1.5515334119e+00,  1.0496852242e+00,  3.1213820000e+00,  2.5609104000e+00,  7.3162873452e-01,  3.2782531691e+02,  2.6822443621e-01,  8.0810563785e-03,  3.2687237769e+00, -1.6579900000e-01,  3.2557000000e+01,  2.8619800000e-01,  6.6000000000e-01
  3.1213820000e+00,  8.3429922833e+00,  1.4177063039e+00,  1.2472542661e+00,  6.3319225829e-01,  1.1357815094e+00,  1.1710484046e+00,  3.1213820000e+00,  2.5609104000e+00,  7.6151484083e-01,  3.5303100341e+02,  2.6700322829e-01,  6.9138286757e-03,  2.8978155377e+00, -1.6579900000e-01,  3.2557000000e+01,  2.8619800000e-01,  6.6000000000e-01
  3.1213820000e+00,  7.6916129623e+00,  1.5754626601e+00,  1.1893405537e+00,  5.7128584760e-01,  1.2297032647e+00,  1.1140919546e+00,  3.1213820000e+00,  2.5609104000e+00,  7.8493125020e-01,  3.4174309858e+02,  2.7735153863e-01,  7.9047073277e-03,  3.5967891677e+00, -1.6579900000e-01,  3.2557000000e+01,  2.8619800000e-01,  6.6000000000e-01
  3.1213820000e+00,  8.2647996422e+00,  1.6527332990e+00,  1.1598968029e+00,  5.7145926772e-01,  1.3269630700e+00,  1.1670271281e+00,  3.1213820000e+00,  2.5609104000e+00,  6.3215848144e-01,  3.3875306471e+02,  2.9141516928e-01,  6.6494909159e-03,  2.9155194050e+00, -1.6579900000e-01,  3.2557000000e+01,  2.8619800000e-01,  6.6000000000e-01
  3.1213820000e+00,  7.5117993064e+00,  1.4514685130e+00,  1.2135171680e+00,  5.7536858233e-01,  1.3654087316e+00,  1.2266422551e+00,  3.1213820000e+00,  2.5609104000e+00,  7.2098158307e-01,  3.1622287669e+02,  2.4867624629e-01,  6.3172172664e-03,  3.4797500244e+00, -1.6579900000e-01,  3.2557000000e+01,  2.8619800000e-01,  6.6000000000e-01
  3.1213820000e+00,  7.7001341936e+00,  1.5640378535e+00,  1.1714398313e+00,  6.0568733829e-01,  1.6198620544e+00,  1.2909278341e+00,  3.1213820000e+00,  2.5609104000e+00,  6.6539324576e-01,  3.3271418285e+02,  2.3314467304e-01,  6.7148776090e-03,  3.2811731392e+00, -1.6579900000e-01,  3.2557000000e+01,  2.8619800000e-01,  6.6000000000e-01
  3.1213820000e+00,  7.3565881811e+00,  1.5212726628e+00,  1.0454653641e+00,  5.2438884164e-01,  1.4037206968e+00,  1.0080970370e+00,  3.1213820000e+00,  2.5609104000e+00,  7.0782996110e-01,  3.5759143508e+02,  2.0309103601e-01,  6.8670650566e-03,  3.0155680892e+00, -1.6579900000e-01,  3.2557000000e+01,  2.8619800000e-01,  6.6000000000e-01
  3.1213820000e+00,  7.5222866132e+00,  1.5036365870e+00,  1.2269366624e+00,  6.3792352822e-01,  1.2122551266e+00,  9.8120745137e-01,  3.1213820000e+00,  2.5609104000e+00,  7.1325234985e-01,  3.1331282390e+02,  2.4240050723e-01,  8.0778728418e-03,  3.2139200010e+00, -1.6579900000e-01,  3.2557000000e+01,  2.8619800000e-01,  6.6000000000e-01
  3.1213820000e+00,  7.3976648196e+00,  1.4610364735e+00,  1.1507972147e+00,  6.1025955884e-01,  1.7742374354e+00,  1.0931072288e+00,  3.1213820000e+00,  2.5609104000e+00,  6.6561489689e-01,  3.0425083767e+02,  2.9863320390e-01,  6.5923618304e-03,  3.4677500299e+00, -1.6579900000e-01,  3.2557000000e+01,  2.8619800000e-01,  6.6000000000e-01
  3.1213820000e+00,  9.7518473501e+00,  1.6258624542e+00,  1.2400782926e+00,  5.4907282624e-01,  1.4479809276e+00,  1.2143054488e+00,  3.1213820000e+00,  2.5609104000e+00,  8.0231669251e-01,  3.3051476293e+02,  2.6307921655e-01,  8.3126284570e-03,  2.9813082842e+00, -1.6579900000e-01,  3.2557000000e+01,  2.8619800000e-01,  6.6000000000e-01
  3.1213820000e+00,  7.6830548977e+00,  1.5139819408e+00,  1.0177199779e+00,  6.5631541621e-01,  1.3296197322e+00,  9.7919427745e-01,  3.1213820000e+00,  2.5609104000e+00,  7.4072343482e-01,  2.7467897199e+02,  2.0639379396e-01,  8.3363028338e-03,  2.6312840162e+00, -1.6579900000e-01,  3.2557000000e+01,  2.8619800000e-01,  6.6000000000e-01
  3.1213820000e+00,  6.9769244498e+00,  1.6173753571e+00,  1.5779246032e+00,  5.9001075016e-01,  1.7031512284e+00,  1.0350927631e+00,  3.1213820000e+00,  2.5609104000e+00,  6.2996908822e-01,  3.7308363463e+02,  2.4515916996e-01,  7.3482820882e-03,  3.1706861197e+00, -1.6579900000e-01,  3.2557000000e+01,  2.8619800000e-01,  6.6000000000e-01
  3.1213820000e+00,  7.9160987520e+00,  1.3535410196e+00,  1.1400962274e+00,  6.1462777831e-01,  1.2972967947e+00,  1.0511168804e+00,  3.1213820000e+00,  2.5609104000e+00,  5.6701487788e-01,  3.4254181746e+02,  2.5963345378e-01,  6.3474388563e-03,  2.7182670401e+00, -1.6579900000e-01,  3.2557000000e+01,  2.8619800000e-01,  6.6000000000e-01
  3.1213820000e+00,  9.1499045470e+00,  1.9000328256e+00,  1.0498498287e+00,  7.1434960431e-01,  1.4515097457e+00,  1.2835842439e+00,  3.1213820000e+00,  2.5609104000e+00,  7.1188690456e-01,  3.3182154312e+02,  2.4555811097e-01,  8.5625475415e-03,  3.1110810343e+00, -1.6579900000e-01,  3.2557000000e+01,  2.8619800000e-01,  6.6000000000e-01
  3.1213820000e+00,  8.4571589720e+00,  1.7206549366e+00,  1.1597554938e+00,  5.4649075394e-01,  1.5453667595e+00,  1.0010174702e+00,  3.1213820000e+00,  2.5609104000e+00,  6.9490786891e-01,  3.2245265951e+02,  2.7105708063e-01,  8.0240406718e-03,  3.1072388494e+00, -1.6579900000e-01,  3.2557000000e+01,  2.8619800000e-01,  6.6000000000e-01
  3.1213820000e+00,  7.3571205697e+00,  1.2456965790e+00,  1.2317524367e+00,  5.5440765628e-01,  1.4415103743e+00,  1.1308541659e+00,  3.1213820000e+00,  2.5609104000e+00,  6.7403533357e-01,  2.7845956273e+02,  2.9302581014e-01,  8.0158781038e-03,  3.0208602735e+00, -1.6579900000e-01,  3.2557000000e+01,  2.8619800000e-01,  6.6000000000e-01
  3.1213820000e+00,  8.0209486256e+00,  1.4015347757e+00,  1.3234800786e+00,  5.7991582338e-01,  1.4684693683e+00,  9.6628148427e-01,  3.1213820000e+00,  2.5609104000e+00,  6.6265263974e-01,  3.3365821584e+02,  2.4849338169e-01,  8.0388989847e-03,  3.4063310121e+00, -1.6579900000e-01,  3.2557000000e+01,  2.8619800000e-01,  6.6000000000e-01
  3.1213820000e+00,  7.3956913890e+00,  1.4284728984e+00,  1.2566610250e+00,  4.9822190158e-01,  1.6074385122e+00,  1.2182304070e+00,  3.1213820000e+00,  2.5609104000e+00,  7.4378024569e-01,  3.4721301339e+02,  2.2836583658e-01,  6.7845193132e-03,  3.1682659792e+00, -1.6579900000e-01,  3.2557000000e+01,  2.8619800000e-01,  6.6000000000e-01
  3.1213820000e+00,  8.6306762878e+00,  1.5130702994e+00,  1.0920606460e+00,  5.3697108027e-01,  1.5246496058e+00,  1.1574830835e+00,  3.1213820000e+00,  2.5609104000e+00,  6.7557809724e-01,  3.2137103878e+02,  2.3383857974e-01,  7.9699811692e-03,  2.6287262974e+00, -1.6579900000e-01,  3.2557000000e+01,  2.8619800000e-01,  6.6000000000e-01
  3.1213820000e+00,  7.5778785236e+00,  1.5261965848e+00,  1.2140445894e+00,  6.2322648695e-01,  1.4866212687e+00,  9.5348101666e-01,  3.1213820000e+00,  2.5609104000e+00,  8.0252294260e-01,  3.0400105031e+02,  2.8932264773e-01,  6.3099404152e-03,  3.2574309480e+00, -1.6579900000e-01,  3.2557000000e+01,  2.8619800000e-01,  6.6000000000e-01
  3.1213820000e+00,  6.8844019433e+00,  1.6411703813e+00,  1.1102517513e+00,  5.0725138958e-01,  1.7560844702e+00,  1.1402629795e+00,  3.1213820000e+00,  2.5609104000e+00,  6.4702259202e-01,  2.8690813319e+02,  2.4673427677e-01,  8.1457759616e-03,  3.8383984555e+00, -1.6579900000e-01,  3.2557000000e+01,  2.8619800000e-01,  6.6000000000e-01
  3.1213820000e+00,  7.6597493613e+00,  1.5841699560e+00,  1.2149841407e+00,  6.3322616973e-01,  1.6070977865e+00,  1.2235684214e+00,  3.1213820000e+00,  2.5609104000e+00,  7.1190603103e-01,  3.1465389138e+02,  2.2488787914e-01,  7.2978587152e-03,  3.5873206675e+00, -1.6579900000e-01,  3.2557000000e+01,  2.8619800000e-01,  6.6000000000e-01
  3.1213820000e+00,  8.6382208829e+00,  1.3056398576e+00,  1.2070917837e+00,  5.4990185597e-01,  1.5743327260e+00,  1.2913041219e+00,  3.1213820000e+00,  2.5609104000e+00,  7.4536839688e-01,  2.2649013756e+02,  2.3697842309e-01,  8.1588690492e-03,  2.7804931488e+00, -1.6579900000e-01,  3.2557000000e+01,  2.8619800000e-01,  6.6000000000e-01
  3.1213820000e+00,  8.8796045922e+00,  1.2503546985e+00,  1.0291065037e+00,  5.0542141570e-01,  1.3945210292e+00,  1.1897352802e+00,  3.1213820000e+00,  2.5609104000e+00,  7.6786408897e-01,  3.3081640004e+02,  2.8880647709e-01,  7.5944575283e-03,  2.8561588025e+00, -1.6579900000e-01,  3.2557000000e+01,  2.8619800000e-01,  6.6000000000e-01
  3.1213820000e+00,  8.1084352294e+00,  1.3229244841e+00,  1.2038480148e+00,  6.1454473557e-01,  1.3954337901e+00,  1.0682249718e+00,  3.1213820000e+00,  2.5609104000e+00,  6.6947977244e-01,  3.2262452031e+02,  2.3305771545e-01,  7.7565410891e-03,  3.3472523263e+00, -1.6579900000e-01,  3.2557000000e+01,  2.8619800000e-01,  6.6000000000e-01
  3.1213820000e+00,  8.2408889425e+00,  1.5406321094e+00,  1.2418561455e+00,  6.4065792764e-01,  1.5107819728e+00,  9.5814006872e-01,  3.1213820000e+00,  2.5609104000e+00,  6.4461868962e-01,  3.0791046294e+02,  2.3045138629e-01,  6.4868884395e-03,  3.0054260979e+00, -1.6579900000e-01,  3.2557000000e+01,  2.8619800000e-01,  6.6000000000e-01
  3.1213820000e+00,  7.3802997076e+00,  1.6063651079e+00,  1.2846997833e+00,  5.4740877112e-01,  1.5622749010e+00,  1.0919277232e+00,  3.1213820000e+00,  2.5609104000e+00,  6.4163506853e-01,  3.2454727053e+02,  2.7297935356e-01,  7.0965434516e-03,  2.2668228365e+00, -1.6579900000e-01,  3.2557000000e+01,  2.8619800000e-01,  6.6000000000e-01
  3.1213820000e+00,  6.4293544395e+00,  1.8843580924e+00,  1.0679232634e+00,  6.0287516866e-01,  1.5208780705e+00,  1.1643240542e+00,  3.1213820000e+00,  2.5609104000e+00,  7.7302348598e-01,  3.5510173112e+02,  2.2646511487e-01,  7.7696033940e-03,  3.0308186644e+00, -1.6579900000e-01,  3.2557000000e+01,  2.8619800000e-01,  6.6000000000e-01
  3.1213820000e+00,  9.0675403595e+00,  1.3297153404e+00,  1.0386474836e+00,  5.4738766706e-01,  1.7295486523e+00,  1.1635920518e+00,  3.1213820000e+00,  2.5609104000e+00,  6.5028241864e-01,  3.2562379032e+02,  2.5058962610e-01,  6.9244474387e-03,  3.4461121977e+00, -1.6579900000e-01,  3.2557000000e+01,  2.8619800000e-01,  6.6000000000e-01
  3.1213820000e+00,  9.2993539473e+00,  1.6634347111e+00,  1.1491437240e+00,  5.8959286316e-01,  1.2039820397e+00,  1.1352840958e+00,  3.1213820000e+00,  2.5609104000e+00,  7.6740825975e-01,  3.4494643072e+02,  2.9788603186e-01,  6.8429658760e-03,  3.3675389282e+00, -1.6579900000e-01,  3.2557000000e+01,  2.8619800000e-01,  6.6000000000e-01
  3.1213820000e+00,  7.6740420065e+00,  1.4450833782e+00,  1.2706047549e+00,  6.6744643046e-01,  1.6078727983e+00,  9.4181564893e-01,  3.1213820000e+00,  2.5609104000e+00,  5.2017529425e-01,  3.0289894877e+02,  3.1090074783e-01,  5.7510925365e-03,  2.9118012633e+00, -1.6579900000e-01,  3.2557000000e+01,  2.8619800000e-01,  6.6000000000e-01
  3.1213820000e+00,  8.7695867966e+00,  1.2894736614e+00,  1.2875738789e+00,  5.2234465131e-01,  1.4320155002e+00,  1.0375064403e+00,  3.1213820000e+00,  2.5609104000e+00,  6.5300100743e-01,  2.5754000383e+02,  2.6565767580e-01,  7.4535821491e-03,  2.8775974273e+00, -1.6579900000e-01,  3.2557000000e+01,  2.8619800000e-01,  6.6000000000e-01
  3.1213820000e+00,  7.3714221205e+00,  1.5576137969e+00,  1.0188244273e+00,  5.6888267236e-01,  1.2859127117e+00,  1.0942334554e+00,  3.1213820000e+00,  2.5609104000e+00,  6.0816131275e-01,  3.2062960653e+02,  2.4073066523e-01,  6.5828975818e-03,  3.1128455845e+00, -1.6579900000e-01,  3.2557000000e+01,  2.8619800000e-01,  6.6000000000e-01
  3.1213820000e+00,  9.2598108203e+00,  1.5246918811e+00,  1.1695481177e+00,  5.7730439523e-01,  1.4654587626e+00,  1.0477363109e+00,  3.1213820000e+00,  2.5609104000e+00,  5.8490413327e-01,  3.1087257146e+02,  2.5747745946e-01,  7.6415642958e-03,  3.4517144510e+00, -1.6579900000e-01,  3.2557000000e+01,  2.8619800000e-01,  6.6000000000e-01
  3.1213820000e+00,  8.0654677097e+00,  1.8195549472e+00,  1.0757546954e+00,  5.4692120800e-01,  1.7489536935e+00,  1.2405034658e+00,  3.1213820000e+00,  2.5609104000e+00,  6.7296471997e-01,  3.5439462901e+02,  2.5053710905e-01,  7.5331356358e-03,  3.1049053059e+00, -1.6579900000e-01,  3.2557000000e+01,  2.8619800000e-01,  6.6000000000e-01
  3.1213820000e+00,  6.3965076429e+00,  1.7521438812e+00,  1.1988951132e+00,  6.1060905812e-01,  1.5788731763e+00,  1.1876136780e+00,  3.1213820000e+00,  2.5609104000e+00,  8.0639567086e-01,  3.0719855160e+02,  2.4818149398e-01,  6.7978211508e-03,  3.4860974151e+00, -1.6579900000e-01,  3.2557000000e+01,  2.8619800000e-01,  6.6000000000e-01
  3.1213820000e+00,  8.8451097203e+00,  1.5150530934e+00,  1.0608989569e+00,  6.1727314727e-01,  1.4255739131e+00,  1.0857165447e+00,  3.1213820000e+00,  2.5609104000e+00,  6.8805280658e-01,  3.2004328876e+02,  2.4838621444e-01,  6.3065985822e-03,  3.4982495103e+00, -1.6579900000e-01,  3.2557000000e+01,  2.8619800000e-01,  6.6000000000e-01
  3.1213820000e+00,  7.8829416080e+00,  1.4106974731e+00,  1.0857978624e+00,  4.9533750660e-01,  1.4669213793e+00,  1.1419543740e+00,  3.1213820000e+00,  2.5609104000e+00,  5.7686990919e-01,  3.0337974903e+02,  1.9515573387e-01,  7.2220230227e-03,  3.0974014551e+00, -1.6579900000e-01,  3.2557000000e+01,  2.8619800000e-01,  6.6000000000e-01
  3.1213820000e+00,  8.2406757588e+00,  1.6092473593e+00,  1.1063524471e+00,  6.3986224336e-01,  1.6285038721e+00,  9.8102773127e-01,  3.1213820000e+00,  2.5609104000e+00,  6.6521755046e-01,  3.0896712485e+02,  2.5490148286e-01,  7.2860486790e-03,  3.0100906994e+00, -1.6579900000e-01,  3.2557000000e+01,  2.8619800000e-01,  6.6000000000e-01
  3.1213820000e+00,  8.2180816416e+00,  1.3523748321e+00,  1.3216973434e+00,  5.9430616272e-01,  1.2995941204e+00,  1.0048987013e+00,  3.1213820000e+00,  2.5609104000e+00,  5.3493746513e-01,  3.3091983311e+02,  3.0816436680e-01,  7.1489044888e-03,  2.9794353253e+00, -1.6579900000e-01,  3.2557000000e+01,  2.8619800000e-01,  6.6000000000e-01
  3.1213820000e+00,  9.1324392414e+00,  1.7247632579e+00,  1.2090261842e+00,  5.5208806863e-01,  1.4498948409e+00,  1.0699493610e+00,  3.1213820000e+00,  2.5609104000e+00,  7.7751961440e-01,  2.7308840838e+02,  2.7013051986e-01,  6.9549011751e-03,  2.6747260763e+00, -1.6579900000e-01,  3.2557000000e+01,  2.8619800000e-01,  6.6000000000e-01
  3.1213820000e+00,  8.0428717200e+00,  1.6579801175e+00,  1.2936206849e+00,  5.7678611453e-01,  1.4141709307e+00,  1.1183387187e+00,  3.1213820000e+00,  2.5609104000e+00,  7.3313052049e-01,  2.9799438057e+02,  3.0496957775e-01,  7.2047445981e-03,  2.1725472487e+00, -1.6579900000e-01,  3.2557000000e+01,  2.8619800000e-01,  6.6000000000e-01
  3.1213820000e+00,  7.2361445488e+00,  1.3312078444e+00,  1.2604583289e+00,  4.5418556846e-01,  1.5644784406e+00,  1.1020037565e+00,  3.1213820000e+00,  2.5609104000e+00,  7.3058559080e-01,  3.1975389079e+02,  2.2464869771e-01,  7.2216019371e-03,  3.0586366753e+00, -1.6579900000e-01,  3.2557000000e+01,  2.8619800000e-01,  6.6000000000e-01
  3.1213820000e+00,  8.8947550588e+00,  1.2335254880e+00,  1.2362253351e+00,  6.4149405987e-01,  1.4376214647e+00,  1.2731330438e+00,  3.1213820000e+00,  2.5609104000e+00,  6.7216029636e-01,  2.9385611619e+02,  2.2926238620e-01,  6.8447252543e-03,  3.4221568719e+00, -1.6579900000e-01,  3.2557000000e+01,  2.8619800000e-01,  6.6000000000e-01
  3.1213820000e+00,  8.7056748171e+00,  1.5636312566e+00,  1.3065865271e+00,  6.6733947047e-01,  1.5901414243e+00,  1.1004857493e+00,  3.1213820000e+00,  2.5609104000e+00,  5.7832108376e-01,  3.1534798497e+02,  2.3375130536e-01,  6.4019667192e-03,  2.9715758495e+00, -1.6579900000e-01,  3.2557000000e+01,  2.8619800000e-01,  6.6000000000e-01
  3.1213820000e+00,  8.8914070076e+00,  1.5485264071e+00,  1.2762711620e+00,  5.1763349047e-01,  1.6547234958e+00,  1.0429117046e+00,  3.1213820000e+00,  2.5609104000e+00,  6.7702030875e-01,  2.7037983092e+02,  2.7561989979e-01,  6.0927644147e-03,  3.0628976257e+00, -1.6579900000e-01,  3.2557000000e+01,  2.8619800000e-01,  6.6000000000e-01
  3.1213820000e+00,  7.7011573907e+00,  1.5483369022e+00,  1.1632163094e+00,  4.7970913814e-01,  1.5148813409e+00,  1.3123680544e+00,  3.1213820000e+00,  2.5609104000e+00,  5.6182904026e-01,  3.7511921361e+02,  2.7310947681e-01,  6.4193550012e-03,  3.2612193370e+00, -1.6579900000e-01,  3.2557000000e+01,  2.8619800000e-01,  6.6000000000e-01
  3.1213820000e+00,  8.2973222442e+00,  1.7611253749e+00,  1.1425858236e+00,  5.1744836604e-01,  1.4889578236e+00,  1.0718519920e+00,  3.1213820000e+00,  2.5609104000e+00,  8.0356315942e-01,  2.7073904294e+02,  2.4830424281e-01,  6.7915244409e-03,  3.5258536936e+00, -1.6579900000e-01,  3.2557000000e+01,  2.8619800000e-01,  6.6000000000e-01
  3.1213820000e+00,  8.0044723998e+00,  1.5774230461e+00,  9.8475118684e-01,  5.6450209108e-01,  1.2860415549e+00,  1.2601289293e+00,  3.1213820000e+00,  2.5609104000e+00,  5.9762254862e-01,  3.2808591974e+02,  2.8632588515e-01,  6.9630011586e-03,  3.0866492082e+00, -1.6579900000e-01,  3.2557000000e+01,  2.8619800000e-01,  6.6000000000e-01
  3.1213820000e+00,  7.7185304051e+00,  1.3492985736e+00,  1.1614637828e+00,  5.4632087619e-01,  1.4446939712e+00,  1.0653253588e+00,  3.1213820000e+00,  2.5609104000e+00,  7.7007493875e-01,  3.2104006591e+02,  2.7165054180e-01,  6.8887949685e-03,  3.3205860439e+00, -1.6579900000e-01,  3.2557000000e+01,  2.8619800000e-01,  6.6000000000e-01
  3.1213820000e+00,  8.7550761521e+00,  1.4365677934e+00,  1.3191946356e+00,  6.0966590434e-01,  1.7231985637e+00,  1.1639797294e+00,  3.1213820000e+00,  2.5609104000e+00,  7.5885546018e-01,  3.6277500094e+02,  2.9432543857e-01,  7.8594399512e-03,  2.8951428949e+00, -1.6579900000e-01,  3.2557000000e+01,  2.8619800000e-01,  6.6000000000e-01
  3.1213820000e+00,  8.8993706638e+00,  1.6265323482e+00,  1.1344694629e+00,  5.5479465567e-01,  1.4716718431e+00,  1.1513569454e+00,  3.1213820000e+00,  2.5609104000e+00,  7.8716956130e-01,  3.0711273168e+02,  2.3901876759e-01,  6.6208558529e-03,  3.6420531200e+00, -1.6579900000e-01,  3.2557000000e+01,  2.8619800000e-01,  6.6000000000e-01
  3.1213820000e+00,  6.1181964923e+00,  1.6023299798e+00,  1.1155904665e+00,  5.5678680808e-01,  1.3954977111e+00,  1.0006955059e+00,  3.1213820000e+00,  2.5609104000e+00,  7.7268119809e-01,  3.0681467751e+02,  2.0956107967e-01,  7.5927370017e-03,  2.6878244247e+00, -1.6579900000e-01,  3.2557000000e+01,  2.8619800000e-01,  6.6000000000e-01
  3.1213820000e+00,  8.4147503500e+00,  1.7702233291e+00,  1.1104359959e+00,  6.0780928683e-01,  1.6392598571e+00,  1.0559715913e+00,  3.1213820000e+00,  2.5609104000e+00,  6.1769282166e-01,  3.2014742122e+02,  2.3461547242e-01,  7.7027511379e-03,  3.1200235745e+00, -1.6579900000e-01,  3.2557000000e+01,  2.8619800000e-01,  6.6000000000e-01
  3.1213820000e+00,  8.6942631726e+00,  1.5245829210e+00,  1.1025111417e+00,  5.0508847879e-01,  1.3074268652e+00,  1.1224566300e+00,  3.1213820000e+00,  2.5609104000e+00,  6.6880157166e-01,  3.2332381928e+02,  2.8069648536e-01,  7.1755984601e-03,  2.9864113357e+00, -1.6579900000e-01,  3.2557000000e+01,  2.8619800000e-01,  6.6000000000e-01
  3.1213820000e+00,  8.7341346663e+00,  1.5986459131e+00,  9.4578448726e-01,  6.5515147803e-01,  1.3291629078e+00,  1.0653635877e+00,  3.1213820000e+00,  2.5609104000e+00,  6.8213702863e-01,  2.9280982336e+02,  2.3855489875e-01,  6.9548009768e-03,  3.7969823923e+00, -1.6579900000e-01,  3.2557000000e+01,  2.8619800000e-01,  6.6000000000e-01
  3.1213820000e+00,  7.6231522065e+00,  1.5327643643e+00,  1.3836432153e+00,  5.4202994720e-01,  1.6521335601e+00,  1.1825860598e+00,  3.1213820000e+00,  2.5609104000e+00,  7.7408830133e-01,  3.6125279056e+02,  2.6756383898e-01,  5.8856283906e-03,  2.2838277446e+00, -1.6579900000e-01,  3.2557000000e+01,  2.8619800000e-01,  6.6000000000e-01
  3.1213820000e+00,  7.5493445646e+00,  1.6040776856e+00,  1.2936838680e+00,  6.1177519400e-01,  1.4965306808e+00,  1.1897384743e+00,  3.1213820000e+00,  2.5609104000e+00,  6.0699806678e-01,  3.0863194158e+02,  2.6066906652e-01,  5.9889556971e-03,  3.1832464635e+00, -1.6579900000e-01,  3.2557000000e+01,  2.8619800000e-01,  6.6000000000e-01
  3.1213820000e+00,  6.4593287528e+00,  1.3488056321e+00,  1.1858006921e+00,  6.0325113025e-01,  1.2223973942e+00,  1.1791311231e+00,  3.1213820000e+00,  2.5609104000e+00,  7.3948693986e-01,  2.9907393740e+02,  2.7778083944e-01,  6.9048107087e-03,  2.7794238684e+00, -1.6579900000e-01,  3.2557000000e+01,  2.8619800000e-01,  6.6000000000e-01
  3.1213820000e+00,  8.2815067067e+00,  1.4054490475e+00,  1.2103960293e+00,  6.6103524825e-01,  1.2298502496e+00,  1.2282081021e+00,  3.1213820000e+00,  2.5609104000e+00,  7.5545397594e-01,  3.1980325618e+02,  2.1964011147e-01,  6.9617088343e-03,  3.5920332531e+00, -1.6579900000e-01,  3.2557000000e+01,  2.8619800000e-01,  6.6000000000e-01
  3.1213820000e+00,  7.3722012192e+00,  1.7458972393e+00,  1.3261579120e+00,  5.9164941690e-01,  1.2755973942e+00,  1.0854234308e+00,  3.1213820000e+00,  2.5609104000e+00,  6.5996696705e-01,  2.7112489021e+02,  2.8577110155e-01,  6.2115299411e-03,  3.1137439917e+00, -1.6579900000e-01,  3.2557000000e+01,  2.8619800000e-01,  6.6000000000e-01
  3.1213820000e+00,  8.9346668472e+00,  1.7115016885e+00,  1.2250839991e+00,  6.2768341788e-01,  1.3522823605e+00,  9.2325057566e-01,  3.1213820000e+00,  2.5609104000e+00,  7.2651177459e-01,  3.4930073854e+02,  2.1349850325e-01,  7.4668406898e-03,  3.3950831186e+00, -1.6579900000e-01,  3.2557000000e+01,  2.8619800000e-01,  6.6000000000e-01
  3.1213820000e+00,  7.2966990633e+00,  1.4396318205e+00,  1.3226720843e+00,  5.4743353484e-01,  1.4937831476e+00,  1.1032568467e+00,  3.1213820000e+00,  2.5609104000e+00,  6.5926393225e-01,  3.0067998531e+02,  2.1527419075e-01,  7.7072260161e-03,  3.0161136116e+00, -1.6579900000e-01,  3.2557000000e+01,  2.8619800000e-01,  6.6000000000e-01
  3.1213820000e+00,  9.3504350936e+00,  1.6612665410e+00,  1.1625266943e+00,  6.1222545741e-01,  1.4211787833e+00,  1.0126001660e+00,  3.1213820000e+00,  2.5609104000e+00,  7.0642744991e-01,  3.4157997620e+02,  2.5036577416e-01,  5.9289907562e-03,  3.2711729307e+00, -1.6579900000e-01,  3.2557000000e+01,  2.8619800000e-01,  6.6000000000e-01
  3.1213820000e+00,  9.2084407294e+00,  1.7612161737e+00,  1.2843943628e+00,  6.2775523227e-01,  1.6642172169e+00,  1.0502146701e+00,  3.1213820000e+00,  2.5609104000e+00,  7.6290585873e-01,  3.1198592157e+02,  2.7276814997e-01,  8.0395256913e-03,  2.9805543381e+00, -1.6579900000e-01,  3.2557000000e+01,  2.8619800000e-01,  6.6000000000e-01
  3.1213820000e+00,  7.8327792398e+00,  1.7630763242e+00,  1.0809968439e+00,  5.3315960376e-01,  1.3570087706e+00,  1.4546196632e+00,  3.1213820000e+00,  2.5609104000e+00,  6.7204223560e-01,  3.4304337083e+02,  2.5402869084e-01,  6.9006017841e-03,  2.6312523815e+00, -1.6579900000e-01,  3.2557000000e+01,  2.8619800000e-01,  6.6000000000e-01
  3.1213820000e+00,  8.5871217850e+00,  1.5399230354e+00,  1.1972077724e+00,  7.4679788400e-01,  1.3549467861e+00,  1.0991441502e+00,  3.1213820000e+00,  2.5609104000e+00,  6.4484276628e-01,  3.1749100707e+02,  2.2114484207e-01,  7.1394953207e-03,  2.8521485912e+00, -1.6579900000e-01,  3.2557000000e+01,  2.8619800000e-01,  6.6000000000e-01
  3.1213820000e+00,  8.1496891038e+00,  1.5387122120e+00,  1.3291856285e+00,  5.2743037055e-01,  1.2561177603e+00,  1.1815100736e+00,  3.1213820000e+00,  2.5609104000e+00,  7.3889581268e-01,  3.1870114085e+02,  2.9033421080e-01,  7.3619983215e-03,  2.7663116783e+00, -1.6579900000e-01,  3.2557000000e+01,  2.8619800000e-01,  6.6000000000e-01
  3.1213820000e+00,  8.3945388470e+00,  1.4594569191e+00,  1.1923561686e+00,  4.5227456590e-01,  1.2171188310e+00,  1.0796200845e+00,  3.1213820000e+00,  2.5609104000e+00,  6.5266784298e-01,  3.2979366715e+02,  2.3106624790e-01,  7.7179916441e-03,  2.6453344837e+00, -1.6579900000e-01,  3.2557000000e+01,  2.8619800000e-01,  6.6000000000e-01
  3.1213820000e+00,  7.2911066049e+00,  1.6429674201e+00,  1.0241352178e+00,  6.0255893026e-01,  1.5108075768e+00,  1.1753043878e+00,  3.1213820000e+00,  2.5609104000e+00,  8.2547306317e-01,  2.4010653361e+02,  2.5398132261e-01,  7.4286872918e-03,  3.2039559041e+00, -1.6579900000e-01,  3.2557000000e+01,  2.8619800000e-01,  6.6000000000e-01
  3.1213820000e+00,  9.3657081483e+00,  1.6924033723e+00,  1.1945313959e+00,  5.6446815737e-01,  1.5065221031e+00,  1.0668536296e+00,  3.1213820000e+00,  2.5609104000e+00,  7.1784041130e-01,  2.8750683185e+02,  2.2231760126e-01,  8.0247223074e-03,  3.1796144046e+00, -1.6579900000e-01,  3.2557000000e+01,  2.8619800000e-01,  6.6000000000e-01
  3.1213820000e+00,  8.2325229820e+00,  1.5073898122e+00,  1.2380906844e+00,  6.9706648980e-01,  1.5583978841e+00,  1.0422313234e+00,  3.1213820000e+00,  2.5609104000e+00,  7.2873339464e-01,  3.2343050605e+02,  2.6406317802e-01,  6.2268527346e-03,  3.3751499106e+00, -1.6579900000e-01,  3.2557000000e+01,  2.8619800000e-01,  6.6000000000e-01
  3.1213820000e+00,  8.7062995879e+00,  1.6243302849e+00,  1.3141398743e+00,  6.2788804940e-01,  1.4546263413e+00,  1.0159344641e+00,  3.1213820000e+00,  2.5609104000e+00,  6.4695894556e-01,  2.9933798818e+02,  2.7040507681e-01,  8.5295387036e-03,  3.0859990466e+00, -1.6579900000e-01,  3.2557000000e+01,  2.8619800000e-01,  6.6000000000e-01
  3.1213820000e+00,  7.5136389137e+00,  1.5595825500e+00,  1.3093051237e+00,  5.1429253573e-01,  1.7130719240e+00,  1.0902392953e+00,  3.1213820000e+00,  2.5609104000e+00,  7.9459704933e-01,  3.3823071393e+02,  3.2032944734e-01,  6.2083861237e-03,  3.0347246689e+00, -1.6579900000e-01,  3.2557000000e+01,  2.8619800000e-01,  6.6000000000e-01
  3.1213820000e+00,  7.5206588871e+00,  1.7039218522e+00,  1.2141818843e+00,  5.9907999534e-01,  1.3781986743e+00,  1.2691479572e+00,  3.1213820000e+00,  2.5609104000e+00,  6.8772759876e-01,  2.6123269367e+02,  2.7002364225e-01,  7.8551411929e-03,  3.2879249318e+00, -1.6579900000e-01,  3.2557000000e+01,  2.8619800000e-01,  6.6000000000e-01
  3.1213820000e+00,  8.1650563394e+00,  1.3816784218e+00,  1.1289697148e+00,  6.2503438334e-01,  1.3639276910e+00,  1.2891099670e+00,  3.1213820000e+00,  2.5609104000e+00,  6.7400600922e-01,  3.5608418803e+02,  2.4283859284e-01,  7.3123879150e-03,  2.8598692913e+00, -1.6579900000e-01,  3.2557000000e+01,  2.8619800000e-01,  6.6000000000e-01
  3.1213820000e+00,  7.4240575512e+00,  1.5512518996e+00,  1.4294357634e+00,  6.5432882014e-01,  1.4213941749e+00,  1.0916958095e+00,  3.1213820000e+00,  2.5609104000e+00,  6.6069718980e-01,  3.2353590714e+02,  2.2208051137e-01,  6.2196479518e-03,  3.3296549940e+00, -1.6579900000e-01,  3.2557000000e+01,  2.8619800000e-01,  6.6000000000e-01
  3.1213820000e+00,  7.9464655538e+00,  1.9010829361e+00,  1.3187903861e+00,  5.9064457526e-01,  1.4117346852e+00,  1.2039240055e+00,  3.1213820000e+00,  2.5609104000e+00,  7.2963947938e-01,  2.8510540574e+02,  2.5101927020e-01,  8.0918830373e-03,  3.1667241774e+00, -1.6579900000e-01,  3.2557000000e+01,  2.8619800000e-01,  6.6000000000e-01
  3.1213820000e+00,  8.4219605235e+00,  1.4503893968e+00,  1.1779240559e+00,  6.2965280349e-01,  1.4755593018e+00,  1.2248886190e+00,  3.1213820000e+00,  2.5609104000e+00,  5.7912651042e-01,  2.9297984808e+02,  2.8855532220e-01,  7.1969931158e-03,  3.1984491421e+00, -1.6579900000e-01,  3.2557000000e+01,  2.8619800000e-01,  6.6000000000e-01
  3.1213820000e+00,  8.7799371469e+00,  1.3036061092e+00,  1.1802622660e+00,  5.5230135013e-01,  1.4765985085e+00,  1.2334985348e+00,  3.1213820000e+00,  2.5609104000e+00,  6.7491724332e-01,  2.9629634855e+02,  2.9226071256e-01,  8.2654331625e-03,  2.4779753256e+00, -1.6579900000e-01,  3.2557000000e+01,  2.8619800000e-01,  6.6000000000e-01
  3.1213820000e+00,  7.6404245228e+00,  1.6313720322e+00,  1.2630968261e+00,  6.7391899914e-01,  1.3798371071e+00,  1.0278230763e+00,  3.1213820000e+00,  2.5609104000e+00,  6.6320982557e-01,  3.0742863426e+02,  3.0379666743e-01,  6.9417406918e-03,  3.0688116736e+00, -1.6579900000e-01,  3.2557000000e+01,  2.8619800000e-01,  6.6000000000e-01
  3.1213820000e+00,  7.9289921412e+00,  1.3918782897e+00,  9.7772272421e-01,  5.9826963836e-01,  1.5882279183e+00,  1.1661544559e+00,  3.1213820000e+00,  2.5609104000e+00,  5.8610512997e-01,  3.0612229160e+02,  2.5142943179e-01,  8.9663444727e-03,  3.3816538785e+00, -1.6579900000e-01,  3.2557000000e+01,  2.8619800000e-01,  6.6000000000e-01
  3.1213820000e+00,  6.5975428441e+00,  1.5843320335e+00,  1.1366169550e+00,  5.9182147551e-01,  1.4235319323e+00,  1.3000570299e+00,  3.1213820000e+00,  2.5609104000e+00,  6.8113402682e-01,  2.9935703848e+02,  2.4513714770e-01,  7.2657374604e-03,  2.9784498857e+00, -1.6579900000e-01,  3.2557000000e+01,  2.8619800000e-01,  6.6000000000e-01
  3.1213820000e+00,  9.1465620627e+00,  1.3361882767e+00,  1.1244928175e+00,  5.3369831974e-01,  1.3048390099e+00,  1.3216500686e+00,  3.1213820000e+00,  2.5609104000e+00,  6.5048211045e-01,  3.0241358271e+02,  2.8080489022e-01,  6.4256691698e-03,  3.1827011373e+00, -1.6579900000e-01,  3.2557000000e+01,  2.8619800000e-01,  6.6000000000e-01
  3.1213820000e+00,  9.5298724042e+00,  1.6782916693e+00,  1.0447999369e+00,  5.4971931777e-01,  1.8011680167e+00,  9.8975108192e-01,  3.1213820000e+00,  2.5609104000e+00,  8.2461546387e-01,  3.1707033085e+02,  2.8207154998e-01,  6.0053389532e-03,  3.1358164591e+00, -1.6579900000e-01,  3.2557000000e+01,  2.8619800000e-01,  6.6000000000e-01
  3.1213820000e+00,  7.8778184900e+00,  1.5278616689e+00,  1.2630526353e+00,  4.9457533240e-01,  1.7288169118e+00,  1.1876461393e+00,  3.1213820000e+00,  2.5609104000e+00,  7.2916150795e-01,  2.7161188539e+02,  2.6071104613e-01,  7.4438724881e-03,  3.6555695604e+00, -1.6579900000e-01,  3.2557000000e+01,  2.8619800000e-01,  6.6000000000e-01
  3.1213820000e+00,  8.3841733544e+00,  1.5613333002e+00,  1.1526930732e+00,  5.6344445672e-01,  1.5294305684e+00,  9.4171566264e-01,  3.1213820000e+00,  2.5609104000e+00,  7.0319310326e-01,  2.7349669608e+02,  2.5692319729e-01,  7.4122416781e-03,  3.2713844618e+00, -1.6579900000e-01,  3.2557000000e+01,  2.8619800000e-01,  6.6000000000e-01
  3.1213820000e+00,  8.6275733643e+00,  1.4798644367e+00,  1.2526994699e+00,  5.7709382422e-01,  1.4350365240e+00,  9.8211374549e-01,  3.1213820000e+00,  2.5609104000e+00,  5.4664189923e-01,  3.1666019806e+02,  2.6544785103e-01,  7.1870333661e-03,  3.1832651154e+00, -1.6579900000e-01,  3.2557000000e+01,  2.8619800000e-01,  6.6000000000e-01
  3.1213820000e+00,  7.7343431206e+00,  1.8058905777e+00,  1.2677113652e+00,  5.7878470491e-01,  1.3079563640e+00,  1.0093054040e+00,  3.1213820000e+00,  2.5609104000e+00,  7.4529240911e-01,  2.6620711983e+02,  2.8121229833e-01,  7.6171316474e-03,  3.3695407978e+00, -1.6579900000e-01,  3.2557000000e+01,  2.8619800000e-01,  6.6000000000e-01
