-4363.61406287
27.152488853
0.142428201127	0.0695259025142	0.0861863696561	-2.2020724847	0.357247320802	-0.666215336233
1.5019298069	1.34527173409	1.36501673049	-0.556578082634	1.89221770416	0.925685881324
-0.136447432028	2.75966972146	2.69098174643	2.4087680049	0.176153809732	-0.166087622104
1.55422527984	4.1136935565	4.07703221528	-3.00726125152	-0.0753396552731	-1.49112555222
2.73069325568	0.187484126496	2.87037166641	0.445551837115	-1.35088124856	-1.04153915036
4.14788958021	1.40408602757	4.23925286806	0.471204606102	0.581600704738	-0.732129647774
2.88428039245	2.85803977033	0.189812690062	-2.62292751216	-1.3537002735	-2.27449115836
4.05686062173	3.93606208197	1.38005863243	1.11565430405	3.96440676571	0.834546704088
-0.0663945448912	0.188273082847	5.51293946318	0.650908081435	-1.33976721843	-1.19120617123
1.38342696197	1.4122386362	6.83894601515	1.40713829524	-0.895882527898	0.148457276204
0.082509036709	2.69269570704	8.04115791294	-0.168234492337	1.69744187652	0.49731122936
1.29337402826	4.17690159233	9.58439853562	-0.341328516757	-0.68427123235	-1.33049764561
2.88344327232	-0.169353969489	8.30031749572	-1.13719564493	2.23758337349	-0.864268728855
4.05235866724	1.41406279127	9.63672827263	-0.318891497042	0.669125425977	-1.46500590566
2.62917717906	2.79848328521	5.30237684113	1.38070293427	-0.612785759928	2.16655821442
4.00514118266	4.25009904536	6.63985778055	-1.63269651384	-0.0641099640507	1.1968500117
0.0559946562558	0.0643690004646	10.9851528325	-0.495340364027	-1.02847989666	-1.94449694579
1.33583617444	1.20303295613	12.2981394555	-0.0892703028062	2.01717533003	-0.643248397666
-0.000585929575554	2.7253582204	13.5269592992	-0.164450646302	-0.446011018714	-0.689717939573
1.34776629151	3.94621509027	14.8196350624	-0.154100488856	2.58761389239	0.248790827961
2.58297152281	-0.0131157693092	13.5967218756	2.51168309322	0.187368340122	0.348188797584
3.99827890577	1.53504312304	14.9329097809	-0.400781641738	-1.18012517977	0.344276220797
2.54837639086	2.83304236119	10.8689412415	0.990854068075	-1.21870078324	1.28424195612
4.27079174466	3.98658261878	12.1870301671	-0.722615364567	1.35568723495	-0.410204530331
0.158080119998	0.145016213052	16.1557098691	-2.21396079747	-0.0846699346534	0.924006151099
1.25102029026	1.37436181171	17.783302506	0.784698838366	0.349352523574	-0.846423650851
-0.141672727787	2.63444306277	19.1827259293	1.4032394549	2.00847999007	0.93862991009
1.52869612199	4.18490960568	20.4188760765	-1.5241201689	-1.91376035436	0.0356950002037
2.79883924136	0.0208663858013	18.8667427195	-2.52502221668	-0.255712987294	1.84426284196
3.89768719064	1.42680560592	20.2669594601	2.11381316529	-0.24232134124	1.5752959135
2.55679923893	2.87458437116	16.3440158906	0.297766852493	-1.64340555973	0.0689337630789
3.99487082386	4.15535935907	17.5109202145	-0.198969158957	-0.676771544219	2.70281481869
-0.128816608743	0.181354010848	21.6453977141	0.33408004078	-1.36743303776	1.25123260305
1.2959977835	1.37245051759	22.995215724	2.40612720086	-0.457265948959	0.0185393480321
0.157505526374	2.57426918717	24.3057314948	-2.23805386567	1.76378346318	1.10849021449
1.21604419991	4.11505484591	25.8383638948	1.66294324754	-1.40054136728	-0.164610379842
2.87023417116	-0.0189011354962	24.4304332124	-3.68145433776	1.16821718528	2.04377768871
4.04109646011	1.41031850227	25.9565299306	0.58179618725	0.76651807137	-1.91916199397
2.87275166256	2.87814150424	21.7890378539	-1.98622348529	-1.34655508021	-0.595461944377
4.06182487729	4.17908878793	22.9930341457	0.946454055399	0.12167839433	1.18396415785
0.129525859554	5.33927465809	0.161363938733	-2.70315760347	1.54533867501	-1.20923482119
1.19467303879	6.82404168998	1.34078329661	1.27744114206	-0.0345769345372	-0.159746520207
0.020413495593	7.94638794065	2.83364725313	-1.61161636182	-0.310290497375	0.636798893807
1.30279925176	9.33464107859	3.97675006558	1.02284067653	2.1073924179	1.26964023071
2.55299016091	5.53445548252	2.71977755848	2.35566242751	-0.199480675256	-1.3424379672
4.04274684685	6.97857006543	3.88776094764	-0.731530227123	-0.345392332153	1.18126687484
2.51796643612	8.21702850141	-0.138273799732	1.43349177222	-1.82490123011	2.75813259451
4.16287421536	9.34868571625	1.26421302782	-1.92269687199	2.12382338129	-0.378391681664
0.143323921178	5.57037947428	5.30936189223	-1.61839790014	-0.628791197547	-1.73906771873
1.27743580434	6.65582676194	6.69851556494	0.684062618201	2.34406157794	1.66270585528
-0.129225936601	8.02391849976	8.27023114664	-2.74525330591	-2.57796315037	-2.2683215819
1.16549601627	9.52374660289	9.3483559937	1.96021101508	-1.6984452922	0.53603099244
2.55718622837	5.57321060353	8.33421112585	1.09861544929	-1.39678346702	-1.25930192717
3.90592947872	6.71403184976	9.67010042016	1.40432938629	1.64671840452	-1.9072360825
2.75241092857	8.23373666033	5.59879376363	-1.13066724842	-1.27365871875	-1.21380152021
3.90387819242	9.56726250004	6.90335401682	2.83930554614	-0.168813073437	-1.0657766883
0.102624505684	5.45125247788	10.9263757237	0.0276576145167	-0.407029605046	0.373984655845
1.55293523689	6.60631379264	12.3563359719	-2.11886943746	1.63592827615	-0.156127187221
-0.127813255916	8.08618493845	13.4760268402	2.30725624992	0.157881623751	1.58205243545
1.48890414337	9.62529106429	14.932895348	-2.04825967043	-0.895532601102	-0.992125172332
2.87442061963	5.48230904647	13.5965662193	0.0936324256772	-2.58497303306	0.27974630258
4.0857283046	6.67687298324	15.0428993105	0.575427053641	1.09758829849	-0.280934840821
2.51632516492	7.95768450691	10.8640882996	0.993782733447	2.3647421807	0.483854692614
4.2263997062	9.58789240491	12.2901312087	-3.18915931737	-1.89242622743	-0.643940802518
-0.116087168608	5.39761935835	16.2617452221	2.77250731401	0.3911971687	0.0412101900179
1.50478393033	6.72845949315	17.8328166969	0.940474271853	1.24637363995	0.45017142141
-0.19138567616	8.01105114651	19.070348548	2.68899534976	2.26149288907	-0.786896429531
1.50389152352	9.55555403004	20.4199104306	-2.13598362967	-0.818115220924	-0.797754824829
2.71812904949	5.4825344991	19.127424294	0.822678140753	-0.471811932287	-1.53255469934
3.91015834767	6.92964594742	20.2253334729	-1.68746707335	-1.10440948656	0.272002302334
2.81549917181	8.28685783532	16.2315292283	-0.698135125271	-1.33515669849	0.960588506581
4.1690785064	9.5907254801	17.4875109285	0.518289958412	-1.39360643757	1.29161707121
0.065429190614	5.34604840122	21.7033862962	0.928063933342	3.22238134569	-0.836207202676
1.55487243872	6.95250405191	23.0417376057	-2.82560343928	-1.25416566497	0.83688924535
0.0989709418731	8.3081614146	24.4862435981	-0.841954561147	-2.0805661527	0.289128170007
1.4673388246	9.45567974649	25.8443935071	-1.45905412402	3.78252459328	-0.896266737631
2.60421301835	5.43110367543	24.4766817055	1.13980313179	0.222817415639	-0.0723500166782
3.99322047499	6.70811421222	25.9476706288	-0.397244011498	1.91794254829	-2.41466833991
2.67069290236	8.31274340858	21.8435052532	1.09175054081	-0.783422249271	-1.02619321043
3.87902861283	9.56497660297	23.2251175759	2.48822834323	-0.524738434539	-0.820271446732
-0.184205055646	10.9868249504	0.0219307279095	1.511365713	-1.01216255227	-2.31367174063
1.20872016701	12.1659157789	1.18384784551	1.9936917343	0.781944368649	1.8101150798
0.0213823429739	13.4291510247	2.84197055826	0.0669366750674	1.56353953859	-1.8143770218
1.27779929568	15.0183969061	3.96956655052	1.14286830458	-1.76940969787	0.479225677609
2.85946902159	10.9822200149	2.81790671027	-0.335913143497	-0.926868877644	-1.8130815967
4.20093509381	12.1282691695	4.21928558752	-2.01887862436	1.76090902619	0.892818340749
2.81956623297	13.7387349985	0.104387171576	-0.861832565071	-1.59037743908	-2.35483058276
3.94444005016	15.1260441312	1.41637708482	2.09520929725	-1.98335748857	-0.265819772314
-0.0644877883847	10.9623086435	5.39310364522	1.55019822554	-0.940011337098	0.32297326848
1.52641220715	12.1148893081	6.94187412126	-1.79262286068	1.50631740169	-0.797465094769
0.00801800105506	13.7208346229	8.28804508037	0.182711212987	-2.05752633712	-1.21067942248
1.27604572582	14.8091900424	9.67131486274	1.52585302374	2.58787505289	0.0414284960836
2.71742870911	10.7935091509	8.04684303474	-1.1403289832	0.146041826277	2.24605320507
3.90024515505	12.1678993928	9.45894642361	0.391248233543	-0.526904767239	0.468821072162
2.60943911127	13.7167291908	5.57096459283	0.398736108755	-1.83273659097	-1.64136514151
3.9205355878	14.7454438542	6.86431962826	1.15586476668	3.39541129885	0.20528490467
-0.0210106776234	10.6712324681	10.6864604392	0.69752376719	2.12827917126	2.25004261568
1.44038177734	12.2460201197	12.3055192995	-1.03819258382	-0.0693170153928	-1.82792801336
-0.0346025449054	13.6505806133	13.5612088743	2.10839379445	-0.446328766427	1.48292447904
1.46110516338	15.0794848612	15.110511477	-1.11028915061	1.16999763051	3.09240128389
2.76106283125	10.9532399519	13.5542478429	0.606750309137	-0.928822761235	0.590909791768
4.10908956643	12.0836613122	15.0092520165	-1.12176433231	3.07799552445	-0.230612487654
2.79385370744	13.7608370581	10.950108499	-1.59915614356	-3.29229623843	-1.18409880975
4.01075017268	14.7600468026	12.1433647667	1.37708543342	2.24136834489	1.91194844745
0.0836592630545	11.0558293962	16.3223285071	0.276053639037	-1.65859373029	1.44231233516
1.55576650005	12.3530251926	17.7725017859	1.22067469622	0.243983585002	-0.34026313901
0.119340447824	13.4705185698	19.1174016921	-0.666721161981	1.19730414442	-1.03493714892
1.35696921281	14.9296666108	20.3946635258	0.647211401708	0.525460094484	0.137351298538
2.90790852147	10.7379852258	18.9913780644	-0.366499508697	1.56893807598	0.690913400477
4.13177771512	12.378150018	20.4812950878	1.58190604705	-1.76052295753	-2.26142409113
2.85288954836	13.7330623229	16.4507134199	-1.41765562408	-2.45566154763	-2.16564286198
3.9568142369	14.8042100448	17.492868872	0.268014500111	1.16020369842	1.71638740116
-0.141953687827	10.7545975575	21.7172041392	1.79845875528	1.53148897413	-1.2805541887
1.3505013659	12.2022849145	23.1014304236	0.566902073666	-0.696285617375	-0.735756741067
0.0663249840996	13.5878405381	24.3503180865	-1.20574373273	0.673157277126	0.506587127584
1.1656284915	15.0327950724	25.7882550587	2.03145437868	-0.635888159093	0.220847299956
2.91341649933	10.9923375247	24.4797320206	-1.55659842779	-0.879200369445	1.7434412695
4.24945267509	12.0765214873	25.72994832	-1.25978804034	3.5862729418	0.170485953587
2.88125557547	13.457469263	21.6381166578	-3.28523877149	1.07133433643	0.956253344373
3.92342080878	14.8878624339	22.9057590911	1.89043086383	-0.102776379111	0.95239031459
0.181912911043	16.401698989	0.149518357433	-1.98401102612	-0.27333273695	-1.48065230573
1.27756452828	17.643077606	1.45094945308	2.98884122356	0.327125987808	-1.58877273893
0.135592152056	18.9404017697	2.55837899155	-1.90550238681	0.34677162043	2.82940788567
1.46369079532	20.3539538823	4.1130982959	-0.848154888553	-0.91250293877	-0.346704143933
2.67930913673	16.2032603805	2.59947754824	-0.40990144607	2.43760426614	2.3042248424
4.16366284334	17.6229896851	4.0759534329	-1.39433015391	-1.26133243592	0.0692500257557
2.68091393885	18.9706094748	-0.127395707961	1.07852819499	-0.112751978602	2.21829292412
4.21498221366	20.4744312866	1.3383483374	-1.5817739011	-1.62770107203	-1.11995013075
0.0154549515288	16.136785757	5.33937562829	-0.0641512144983	2.15283668009	0.244312847798
1.18366910053	17.8306972521	6.61374085315	1.61655084027	-2.58546175572	0.668805634981
-0.0690467851585	18.9225570016	7.95184888996	-0.172992150079	1.76718158632	2.20965413953
1.23836175097	20.4868119749	9.55655118517	0.462371129673	-2.12564752042	-0.555624011233
2.72929097616	16.4471907715	8.33259546153	-2.00829589202	-0.898110106674	-2.04155859898
4.24923361745	17.7375699441	9.30349095953	-1.90039375057	-0.470818187733	3.47395326719
2.81927800632	18.92486523	5.52281768722	-0.640832455498	0.312141065763	-1.80843323482
3.88345807149	20.3728185231	6.69238541349	2.16425711092	-0.179923346766	1.55994667901
0.0956607808706	16.3207252266	11.0185884481	-1.05821261821	-0.329565880767	-1.3798229894
1.22456597708	17.7739873918	12.2884586394	2.37236281424	-1.50577992509	1.04377661459
0.14996835493	18.8963559863	13.7236064237	-1.67696850892	1.47629979962	-1.13472589945
1.26985638132	20.319923703	14.8450554435	1.3770767506	1.63811151006	1.38771355705
2.66248258632	16.1331396745	13.7398077348	0.656000497912	1.67385539771	-2.96304588944
4.0977240801	17.7142685506	14.7511809502	-0.490714864642	-2.30140697745	2.84898862201
2.66930136098	19.1225353223	11.0425496581	-0.0399084096314	-1.12866243458	-2.9359235451
4.06788271686	20.4012587784	12.081063508	-0.471412209999	0.0941701279742	2.40158183514
-0.0184211063566	16.4500584619	16.2110177091	-0.664926665855	-2.73616884042	0.519649520338
1.2213363418	17.465507113	17.4788131152	1.23132417685	0.000690747306616	-0.588214667112
-0.176229332258	19.0713828304	19.136813773	2.27676181594	-1.45654429669	-0.0187872381456
1.54335801684	20.2712851844	20.4326095627	-1.90906038423	0.826888320062	-0.0119930367294
2.86680493992	16.3909666944	18.9504843803	-2.47301097952	-2.07134969682	-0.899615406649
3.88239615447	17.6929681998	20.2512607043	2.06011639468	-0.0363051905793	2.19313463882
2.74208059032	18.9973192308	16.1892672043	-0.68305389738	0.130224673994	0.563018218443
3.92137065046	20.3797872547	17.8218197183	1.91927989854	-0.528243784418	-1.90688773759
-0.189642366385	16.1631406162	21.8661984406	3.22628111158	2.56649621317	-1.46727069587
1.50339686392	17.7392099951	23.2065173908	-0.363988582937	-1.65996627565	-0.307928529079
-0.100439228287	18.8102583203	24.5238589071	0.0485514204903	2.75633305389	-1.44705893316
1.27381723874	20.3063007348	25.8905422597	0.206191897379	-0.207538809134	-1.80641124197
2.90370053784	16.180019284	24.5736941186	-0.972458653419	0.483684481548	-0.409030874029
4.2710455331	17.4963268279	25.9164176184	-1.97447965773	1.82914041993	-1.52477748731
2.84655538648	19.1960378934	21.8587189449	-0.386189521901	-2.14568604375	-0.380644388535
4.19874583235	20.3241908133	23.0932129654	0.00317645369673	2.76420539377	-0.317474146282
0.135048136989	21.9171106966	-0.17516869823	-1.7242185414	-0.357193691534	1.72433463279
1.39677246832	23.2229046053	1.41964417563	0.190164958051	0.195139968241	-0.744377397294
0.0146755687342	24.6086935022	2.82918688119	-1.14863979091	-2.52375937481	-1.11035230956
1.25572676384	25.8200840728	3.95010186861	1.34309856544	1.33296228711	2.7590965518
2.59880709418	21.5371015765	2.51830661023	0.706037025798	1.4681164521	0.999283316434
4.13057196976	23.0178894641	3.90617911571	0.188385359518	-1.55491256797	0.86847499658
2.85805172286	24.4559832698	-0.157296638615	-1.49028609438	2.40837899749	3.50788038083
4.18984038643	25.9939022377	1.3637987713	-1.49461166145	-0.393508075095	0.0227846079447
-0.145341469033	21.7041091937	5.26691846135	0.917595190788	-1.18411239546	1.27675634554
1.15974880786	23.1444775454	6.63993562445	2.74780571593	-1.19582056345	-0.406207871035
0.089662888834	24.4358708915	7.98713519333	-2.89803577267	0.696892143355	0.695493529603
1.37376572597	25.7681404771	9.35971107449	0.180876331949	-0.214979583677	2.23617709554
2.81665948684	21.5520046048	8.29406342165	-1.11304138059	2.11452427704	-1.04571814962
4.26997772817	23.1516165097	9.37847435784	-1.60849749297	-1.50877673203	3.05241620835
2.90568636764	24.427344577	5.27262017728	-2.25908275346	-0.162968772591	0.179541761117
3.97283688554	25.9354302319	6.6560611323	1.31528854858	-2.46984126847	1.38870573005
0.0618301965432	21.8934521058	10.8160695753	-1.94213698839	-1.77077911967	0.730736433112
1.1803638032	23.0476694687	12.2695662366	1.97784377836	1.53050863262	-0.405589337263
0.106663439025	24.3844972963	13.6463696867	-1.38361026377	1.00456696039	-0.158760879979
1.38886497524	25.8912301066	14.9715525968	-0.149025697226	-1.22180677806	-0.200659519756
2.63960851631	21.8561965899	13.4746309484	0.304627856946	-1.90762597747	0.296985868023
3.93644095062	23.0203529849	15.0294734191	1.57599681482	0.484248489725	-0.65977418094
2.7565751616	24.4802707215	11.0436333942	-0.340911851335	-1.16197379517	-1.86371868967
4.12487723266	25.7929171462	12.2899752439	0.10895801818	0.449149498162	0.464483426633
-0.0520544325345	21.7168751271	16.4825880288	1.10505454625	1.01860937138	-1.95012152312
1.4936729042	23.2572626156	17.7474891561	-1.17744703385	-1.8817971122	-0.461891953475
-0.0644290788171	24.2648900245	18.9229666495	-0.378159737871	3.39551326522	0.203185305669
1.18482031616	25.8661358646	20.4905042439	0.767550761411	-0.211050217991	-2.26214091652
2.57794721753	21.6779816452	19.0115501501	1.44409398674	0.997758539354	0.968621015517
4.24168391747	23.0942324689	20.287133397	-3.61377916996	0.37845583425	0.792786754231
2.59156600331	24.3926191842	16.3223299635	1.18799204495	1.29749827037	-0.142898236232
3.92422241944	25.7440633264	17.7410843277	0.580728732487	-0.136220948007	-1.67128906236
0.159504988869	21.7600459688	21.789883614	-0.890399348474	-0.160881483979	-0.726994087735
1.18002154131	23.0960302224	23.262248077	2.36214729195	-0.388082501076	-2.04711234247
0.00702750913717	24.2714462834	24.403077803	-1.51332768148	1.70804532157	2.40486349123
1.17608736845	25.7379425487	25.9542778248	1.69967717438	-0.0820898585069	-2.42803323401
2.61999935368	21.7443103349	24.3685382061	0.557469580561	-0.492285072227	1.53870627359
3.89583435313	23.2194367519	25.9354534329	2.50825254879	-2.865207942	-2.63489568451
2.54407838612	24.5647429715	21.8891599753	0.89404020817	-1.02943332218	-0.609285848368
3.92577969235	25.9659742671	23.2347774882	1.50664202393	-1.74653104309	-1.86077460786
5.42445590651	0.0492422960846	-0.121638718201	0.650460531586	-0.155421134092	1.07807381335
6.65236510728	1.29640732027	1.43500112445	1.11884855672	0.904961577167	-0.992245617147
5.52671685848	2.82158649893	2.73615891383	-1.42094651411	-1.91812184672	0.253092282029
6.71178111603	3.93819795428	4.1485718412	0.746005290284	2.38531129478	-0.319095438171
8.2236639651	0.170852948869	2.67226299186	0.415609386573	-1.28642829407	-0.166745281206
9.64223691835	1.33695595075	4.11978348623	-0.173203502075	0.598696676978	-1.01323132482
8.09070371781	2.79455376793	1.45282012109e-05	0.392260337454	-1.37040878617	1.25203183884
9.64780772636	4.00403330416	1.53097289347	-0.664135049468	1.51578505503	-2.69383357656
5.44636212772	-0.119132237806	5.56386503145	1.35125303229	0.817505846418	-1.54067451456
6.83482338381	1.27741507774	6.83046837691	-0.852327273601	1.56337430765	-1.00903171693
5.31119781835	2.80151895247	7.9951941164	1.04874888658	0.00970220288856	1.38083070037
6.74953184906	4.22303544547	9.60151574064	0.223564715854	-1.09661372867	-2.44652558572
8.11701558037	0.137361850334	8.11939168269	0.208339102518	-3.22684755952	1.40051116857
9.5715956229	1.312246764	9.39504410908	-1.8725647476	1.49345819995	1.54226424331
8.13613639178	2.6902004564	5.30135502499	0.933623009378	-0.657700483347	2.34728480144
9.67255578719	3.96090249682	6.90312947803	-3.4678527309	0.88569883714	-1.32119632973
5.40654084965	0.0383923784998	10.8032026821	-0.337578763158	0.217671661919	1.75658762985
6.70774857115	1.48336444174	12.1710454392	1.09270637186	-0.875685677138	0.291630150788
5.52367191205	2.75127086588	13.6417559911	-0.436288195337	0.294754914593	0.258746863882
6.71556482	4.26133545502	15.0347214781	1.30768434677	0.0133181175457	2.82997635746
8.1071766813	0.0105036070629	13.5280813347	-0.588057974015	1.07119972833	0.275307413708
9.59935600707	1.39325462756	14.8547307498	-0.647753972292	-0.768470104978	0.199253922929
8.05212994421	2.90579044792	10.8447101806	0.691873487346	-2.32090961374	-0.78314323964
9.63675913952	3.95731448473	12.0257373805	-2.48030859274	1.24013539434	1.77033307215
5.29705108287	-0.0758054647236	16.2675475954	0.528801119438	0.653510183648	0.530595403512
6.9652864052	1.27987596476	17.702394023	-2.8733288604	1.89951529346	-1.05167429643
5.3622171569	2.88269264562	19.1374143829	0.497358735507	0.589184467169	-0.258864935141
6.72959532136	4.18092909221	20.2984489826	2.17001590201	-1.65472490978	0.394839613792
8.10943026865	0.180794545365	19.0407056063	1.10218741037	-2.89498824569	-0.270758206778
9.6590394493	1.2609453013	20.2108137648	-2.23521997875	0.348997881177	2.57078559377
8.31987019113	2.66087042324	16.2199203761	-1.97405593693	0.871074221134	0.467105426231
9.45078711608	4.17729565269	17.6273459064	1.41279769123	-1.37002821605	-0.23006232937
5.36479414765	0.055880452495	21.9031472722	-0.601153662363	-0.641653060822	-2.4791972516
6.72633616986	1.16538708666	23.1995543559	0.854574039338	2.57698391763	-1.06109871932
5.42563585367	2.79411073143	24.3702194703	-0.915322089129	-1.40227708035	0.560215049046
6.69227481751	3.89633746754	25.8511086793	-0.315962977342	2.10276731849	-0.573173783005
8.21747418292	0.0361678307344	24.3750269947	-0.961129202766	-2.67277910195	1.02728426722
9.34287104461	1.39986023736	25.6439727151	1.41339489124	-0.776882365905	2.48535245067
8.24008424537	2.7661176701	21.7901912078	-1.1737682337	-1.85102778595	-1.48722486337
9.66627591749	3.89859948367	23.094598039	1.25658580418	-0.703244595818	0.387936726204
5.40688755551	5.59677254751	-0.12378576025	0.58013841166	-2.57473227158	2.1367079423
6.78219463902	6.67221946284	1.52242054254	0.0821076381539	0.00995447660143	-1.14342820786
5.40893851971	8.14536954635	2.5567133549	1.00964174824	-0.42763423207	1.0883051539
6.89487753989	9.38652574393	3.91500072651	-2.07171774512	0.28573371551	1.12788725489
8.26809644219	5.32037260148	2.8319973942	-0.501687042515	0.0783042490051	0.619149794857
9.5439317601	6.98519813827	3.98386233106	0.693507538503	-2.94300442052	1.8224288556
8.02383179678	8.25273731036	0.159672258523	0.661332524689	-1.81097100815	-1.68367005922
9.40835943108	9.61832856065	1.17334748011	1.64577194072	-0.884818492954	1.66537667675
5.29754900644	5.54107280872	5.31825652272	1.14425313843	0.0979454501664	0.162969065634
6.75076576835	6.77969521851	6.84825076845	0.685203026569	-0.209006141767	-0.781607434928
5.53982447581	8.25953864428	8.18294688752	-2.67649657721	-1.39159542855	0.228702652632
6.60369941528	9.39762970772	9.6835736371	2.9684532198	0.749237843408	-0.650845024671
8.20245850489	5.43490301504	8.26253544509	0.0143594072182	-0.304621863413	-1.42804305979
9.65518076381	6.80247159641	9.37483124296	-1.26521613785	-0.459522522279	1.84630427849
8.18220087835	8.07532695823	5.36099396641	-1.00267934578	0.492454611979	0.192276124897
9.31443191036	9.58626005669	6.65488740621	1.53737150399	-0.880812571668	0.159309512476
5.55292758346	5.52229648662	10.7230289227	-1.09696539686	0.313071344025	2.51493713441
6.65497019953	6.97746988843	12.3540897358	2.36985481085	-2.85070799125	-1.48381800228
5.39148043482	8.00689302436	13.4374126478	-0.221204628112	2.03542309266	3.3371858614
6.89592415268	9.58921138818	14.9131364774	-2.03675287013	-0.920684949686	-0.145126257887
8.10935292825	5.47964863522	13.7661679175	0.605548761873	0.257594304551	-2.16766857741
9.70125904153	6.79884651073	14.9143528816	-1.17898512034	0.416955149701	-0.225009806432
8.26350209247	8.03439140196	10.9759616137	-0.326529216832	0.793047984037	-0.896042317209
9.46588077331	9.65588337546	12.1610401344	1.20036626826	-2.43621855948	0.517991928204
5.37118803604	5.27398495244	16.4206640222	0.0931617088229	1.76120654878	-1.35301163252
6.82600149197	6.62335657027	17.4813750218	-0.392873514681	-0.660600073112	-1.0592584315
5.37289625899	8.05519428389	19.1373397472	1.60057458264	0.910185556081	-2.57751625707
6.6063890824	9.69018797079	20.457852204	2.65575830366	-3.31752092302	-1.07013203082
8.20214076171	5.40451848981	18.9187112014	-1.80950239334	0.211326733249	-0.209512747133
9.34352244804	6.74227263199	20.244441725	2.3004036182	-0.461462835945	1.35473064918
8.22334255178	8.19071503395	16.1721453329	0.415257704005	-0.280317760222	0.882467635158
9.68047189772	9.56132113492	17.5866825263	-1.57490814646	-1.69411102842	1.79661889026
5.54995136317	5.30127097564	21.5463323045	-2.1737001186	1.00872295195	-1.58377561727
6.88048025496	6.67591479373	23.0319496033	-1.32843451645	0.968691617834	0.0729372507141
5.45771846233	8.2287157799	24.4709868446	-0.778156379784	-1.90579350209	-0.23452413857
6.75488684416	9.56426239334	25.7921617021	0.0901340751045	-0.503549932687	-0.0423533665643
7.99257916563	5.28522411607	24.3602633602	2.21097229879	-0.589863599654	1.32750597965
9.57301546342	6.61619379574	25.9212942969	-2.37946858743	2.77633641311	-2.25631232449
8.30401314646	8.03047117853	21.7800792162	-2.25286436213	0.728596302241	-1.40377408339
9.61005559965	9.34422962636	22.9380577497	0.307932178011	1.80534824614	1.26917627904
5.28600987162	10.8746027894	-0.174888650952	1.5613706754	-0.0901821462652	1.02476183864
6.92027122909	12.3456175368	1.30862857233	-2.74676897088	-1.9014424559	0.905501019958
5.27235718225	13.4575491417	2.83902704844	0.148568989204	0.569348465314	-1.8894174637
6.79309623139	14.9332778399	3.93787878403	-0.26179544315	0.148681042159	0.663541006681
8.07722901326	10.7288290443	2.66221303863	1.35276943304	2.26271060333	0.314418617935
9.44854452092	12.2195937317	4.24149604442	0.477646863321	-1.90270569637	-1.54425458608
8.29084469012	13.4894234738	0.156932022391	-0.99374164379	0.561281164159	-2.92678329324
9.51333848447	14.734266793	1.23814976609	-0.493366190828	2.16052379728	2.28740140176
5.47224965023	10.8579304739	5.42267702759	1.5403612425	-0.893383613992	1.35510207021
6.98658568692	12.2984833764	6.98028411633	-0.817138018193	0.807242230596	-3.44512698706
5.28201484407	13.4268869288	8.05314633913	0.830034822959	0.659745939172	1.78404393633
6.9503996952	14.8686124344	9.52305553528	-2.69596402695	-0.907263893613	-0.964314027263
8.14773177228	10.9235657683	8.0131381009	0.347080742157	-0.6616368467	3.90213805608
9.68337767235	12.4178178533	9.56786516277	-0.942567309322	-3.54183235446	0.511818551179
8.33758804814	13.7468469834	5.25824382156	1.86154131669	0.611414425139	-1.0816240028
9.46888271207	14.9619900689	6.92704333096	1.77186327305	-0.735757876186	-0.330379950828
5.30319873781	10.6839169235	10.9282925605	0.958066425641	2.70916965699	-0.579869385838
6.8656065617	12.1197840745	12.292270216	-1.40670720179	-0.317716160914	-0.373960784109
5.42888061416	13.573912057	13.6779522629	-0.023019263742	-1.0728354882	-1.25261401114
6.69117524462	15.0536418501	14.8303000895	0.161503860258	-1.9187230911	1.50220132353
8.27193625858	10.7459755255	13.5904592382	-0.776372540869	1.6612742841	-0.0410878477283
9.44516652102	12.3161806883	14.8241656922	1.13291281066	0.118645886365	0.701752181461
8.05237111013	13.4263053298	10.7687109471	0.845316078387	0.497388734013	1.24258671208
9.42983583499	14.851633893	12.180810822	-0.478403091183	1.72780767773	-0.533368794111
5.31960186016	11.047638362	16.3089449911	2.74784911254	-2.03929273573	-0.281845943889
6.6867051567	12.2616021074	17.750842403	0.54657366982	-0.516171498629	-0.93430585303
5.3896206558	13.626315688	18.81579927	-0.197702811894	0.2959600644	1.96976428773
6.97706089753	14.7554762415	20.4942367557	-1.3947979452	1.20687456861	-2.84933937755
8.16163216656	10.8258257837	19.0067662096	0.187786728235	0.262522512322	0.203246642658
9.67085751204	12.1380738243	20.3874100815	-1.42105675716	0.948339272771	-0.0985584529671
7.98413152235	13.5827171555	16.3797578923	0.616906393186	0.331108608488	-1.10604702224
9.69991851053	14.7433989828	17.6182376777	-1.51967735167	1.31078554233	-0.0396316924001
5.38727721944	10.6677374035	21.6414430401	-1.42699196969	2.33356556731	2.39195566874
6.80179734284	12.268265215	22.944703962	0.420612925609	-1.94542076941	0.0464124453658
5.53844122857	13.4844450786	24.2651743176	-0.401769375251	1.76073182663	1.30508833103
6.91414439968	15.0257701552	25.8338024659	-1.49173350577	-2.498053308	0.381584975207
8.16290251216	10.7162096687	24.3654956489	-0.324371319129	0.641662067991	-0.990189951485
9.40172438166	12.1851738893	25.6456194539	0.815059753743	-0.806727653119	1.28894595924
8.17392233703	13.5994186773	21.7028511604	1.67470426615	-1.40080944909	-0.102590110409
9.48973704776	15.0258599864	22.9305994502	-1.20518021624	-0.623050908355	2.28939793453
5.38559523237	16.3519468398	-0.039465917233	1.61230638082	-1.55489555358	1.87130084815
6.96313772233	17.5011053791	1.34777688511	-0.948509071101	2.50507948051	-1.08290121204
5.239778819	18.8751332534	2.53285477558	2.38030678736	0.0651987575813	0.918506116288
6.97495669582	20.1758702961	3.97765264725	-2.86240649594	0.978812616339	-0.211239467602
8.15089050114	16.3447479659	2.67895575197	0.094771906613	-2.59220672546	-0.912346790682
9.31581892166	17.4598408207	4.09528539526	2.24710493119	1.61844879907	-0.534988495387
8.32242089734	19.0541603874	-0.0331587092502	0.0396938473268	-1.19529099381	1.53613061338
9.56586312769	20.4837704886	1.29580036498	-0.647539255947	-0.699371278087	0.191692694448
5.50456240861	16.2547395558	5.501538695	-1.24648652834	-1.53556835575	-0.545516740162
6.59074620198	17.8312691428	6.6010803087	2.19741234373	0.437229940961	1.29894651438
5.43074790413	19.0372160077	8.30686045578	-0.287139693038	1.41402343933	-2.51424085363
6.69611331501	20.3474407173	9.64793745281	2.21369516782	-0.792078828822	-1.5575009208
8.28878529449	16.1318272111	8.29532434499	-2.01742274988	1.9360800801	-1.0868352777
9.31360696541	17.7716211958	9.54189798841	1.06680774363	-1.83486357828	-0.461435236224
8.30642933859	19.1412267806	5.35065415624	-0.363573987081	-1.35950282737	0.826737135508
9.41363919476	20.5051726961	6.86394150558	1.21806560936	-1.85745249919	0.0371311452247
5.40256449102	16.2017795577	10.7854634041	0.747675534739	0.514743829229	-0.0659365784006
6.89946037029	17.6891108784	12.037895682	-1.51317638838	-1.43279002996	1.16734629454
5.24549267454	18.8775445319	13.5648633439	2.03676787306	1.61674049935	-2.46130046394
6.90041343387	20.1785684823	14.7667871699	-2.07563569401	0.110774620111	1.63363647643
7.97422549828	16.3129860383	13.7200911759	2.87506059441	1.38888145576	-1.24562928862
9.62252173719	17.7794071647	15.1144914113	-0.892343240502	-0.482880006747	-2.38284226703
8.1937768719	18.9083477383	10.7833900521	-0.793438401115	2.17895361342	1.33888977124
9.46382389797	20.2781516666	12.2695970716	0.709943723152	-0.114037081764	0.00178827498823
5.4877572094	16.1044502558	16.2946058484	-1.23206968787	2.36178101796	-0.882118630197
6.83726047082	17.6585396821	17.5546476387	-0.17897555081	0.542986453538	-0.876627792067
5.46241504631	18.8499168747	19.0236241018	0.325008931869	2.0243506708	0.633789330158
6.84677264299	20.4788233837	20.5129520077	-1.26553491848	-2.21982218193	-0.945321524156
8.04919952348	16.4415982825	18.9435215645	2.06857934538	-2.0983718461	0.399830849327
9.56080862784	17.7937229569	20.2516454893	0.350404541148	-1.77272440794	1.05879756348
8.34445941503	19.1851187229	16.2177899397	-1.95912707112	-1.42880317004	0.586326696309
9.372735213	20.5468168626	17.5327049078	-2.08283293786	2.02293783713	1.78846605173
5.62917482219	16.14294175	21.7103048004	-2.46883965354	0.541617398849	-0.929518891707
6.65829122181	17.4901085915	23.1077563018	0.470564952402	1.39606306795	0.556734288551
5.35751781694	19.0131880893	24.4909142849	1.57091451086	-1.01017197735	0.462327909991
6.96460559175	20.2230981355	25.9153969107	-1.63722365288	0.0396382989376	-1.57205692504
7.98873165043	16.2846823937	24.5058410939	2.80906118903	1.07250571307	-0.622978274046
9.63227963328	17.6874752994	25.8709908871	-1.21185828559	-0.41779358851	-1.4932309632
8.11771863143	18.8823275755	21.7751702213	0.17263459519	0.544145970819	0.0938267519465
9.44236503689	20.5481240336	22.9232886961	-0.639648040927	-0.272666300495	1.14790649122
5.46932682171	21.5567149664	-0.0810181008158	0.452780393813	2.48111460013	0.252822265652
6.91246398323	23.1583161572	1.27920117464	-2.73259939529	-0.0670263720474	0.471222687893
5.33358166891	24.553714929	2.76862725398	1.48415180317	-0.863435070773	-1.94420385525
6.87040898879	25.7549988617	3.90762632825	-0.0578836035497	0.30582612642	1.79301008918
8.04293484477	21.5959525907	2.51625975468	1.76636419797	1.53966663154	1.71307243856
9.69615174846	23.0565955779	4.13495065902	-3.0931215278	-0.925696687886	-0.386846520487
7.97465010012	24.5485628172	-0.0561675401231	3.8602498648	-1.5231097346	0.304213694015
9.62478171372	25.9193800481	1.24142466881	-2.23350663694	-0.263396148177	0.512610153748
5.57561201924	21.7077067392	5.62815467834	-0.345482225756	-0.764872191922	-2.63985968509
6.9133990594	23.0628465687	6.81696172175	-2.16145024888	-0.118970549742	1.52001727181
5.52339452958	24.4173410534	8.3457057486	0.0102462965892	1.19595799532	-3.01334126306
6.66299206414	25.7019303706	9.68954285342	1.25580167044	2.19989201705	-2.28270275154
8.06493814841	21.6783091512	8.06329876244	-0.454234367888	0.477146023005	1.57491769042
9.31489172151	23.1259602854	9.43776240819	0.867123249201	-1.35222656116	1.29337064194
7.97789778054	24.2835656873	5.55601349187	2.1208368556	1.13156218545	-2.14832375173
9.50256503506	25.6029225396	6.8489906877	-0.497021267904	1.0292458515	-0.0702825304735
5.57334726128	21.531436493	10.9428359183	-1.15836042233	2.92449382679	-0.192770107046
6.72067736867	23.2010776617	12.3639017508	1.62858353505	-1.897332423	-1.71908089024
5.62060545388	24.3540833644	13.5825828006	-3.86233852355	0.364694837491	1.34567534979
6.67228757414	25.7160079662	14.8445611737	0.767757148096	1.66534108424	0.244815044113
7.98403813492	21.5258011229	13.6043150501	2.1141776965	2.31103192264	-0.344854845506
9.50579941738	23.2469906024	15.1066948558	-1.77818511263	-1.22621597691	-1.63600087392
7.97130504207	24.5063566952	10.8044756818	0.972762668001	-0.32793174608	1.39824853965
9.39807454609	25.9589114244	12.1841689891	1.1442461242	-1.6750298145	-0.211483151484
5.5921599069	21.7010886738	16.3268820157	-1.44184261462	-1.67520176942	-0.613551669707
6.97064977156	22.9405241828	17.529641537	2.09786774989	-1.60403461744	1.49835669344
5.24164883219	24.607023017	19.1468581748	2.00402054621	-1.16553916275	-1.8136879087
6.80030303298	25.7663478302	20.3327363406	-0.400926839669	1.71091810733	1.21802259224
8.11946650629	21.6066857871	19.1771584305	0.0416632506066	0.250565269272	-1.48154565057
9.42045900671	22.9581703583	20.1855042548	-0.184356337019	1.99613254182	2.50013501605
8.00847740164	24.62406695	16.2042609405	0.747602787405	-0.578216033643	0.900776909825
9.53207527533	25.8635742721	17.5102729412	-0.783287741787	-0.321315688088	2.44662187698
5.47220792047	21.8926222806	21.5537293159	0.490685313206	-1.62067912123	2.19230839299
6.88909652585	23.0076362292	23.0300246221	-1.52325616809	1.54294480188	0.275876982931
5.30908010766	24.4526050866	24.3226176776	0.465780364919	-0.752116258599	0.918232165023
6.74138100495	25.6171205508	25.9459419707	-0.589256867313	2.23422345887	-3.30816788499
7.96464997058	21.7764536127	24.5786580336	1.25115884867	-1.01757751993	-0.696021819114
9.63387900528	22.9111192748	25.6949188811	-0.760776297223	2.17527672613	-0.31039906135
8.14057977055	24.5969703095	21.8860484802	0.830468254431	-1.85383269337	-1.77261379154
9.68947228371	25.7797453422	23.0280696554	-2.11655804996	0.643383569629	1.30719566809
11.0168129227	-0.0020196699853	0.0890713201329	-1.50114729274	1.26974864731	-1.74529950242
12.1732653426	1.38170152191	1.50065608873	1.18598854021	-0.615331002868	-1.13665032905
11.0038689673	2.7644280837	2.63426973808	-1.33180390037	-1.50506717309	1.88478376994
12.1500370702	3.9080783713	4.08391829197	0.861389722359	1.58350800362	0.890108133194
13.4350532789	-0.0638163136034	2.73570123715	1.23171235969	0.743133204472	1.46985995192
15.0781003405	1.47467295925	4.04136148848	-1.01884268466	-2.4732521455	0.410820608079
13.5562228025	2.61189772624	0.132900861195	-0.0698402934881	0.533657838573	-1.94500015368
14.9237776865	4.0401875511	1.22281660648	-0.520406156575	1.41744679505	1.12608439041
10.9112630125	-0.124888129381	5.43746569017	-1.80249130078	0.644101201293	1.1917573739
12.0700868803	1.32979922329	6.86312647134	2.24914026347	0.118086430425	-1.63925630118
10.7079531155	2.65416523831	8.11573009515	2.94895811835	0.522143253146	1.91279008749
12.1995978009	4.20639619494	9.66072979285	-0.240116691765	-0.926152932979	-1.4255559134
13.5606848345	-0.147056500329	8.07393573406	-0.590595863902	3.55375609356	2.20201032794
14.9697596476	1.53973771612	9.40295531377	-3.0284202431	-0.813333500297	0.206933849931
13.7072070835	2.78418329394	5.38357697577	-1.65617761428	-1.87291269847	0.669983772499
14.7998056092	3.93226417465	6.92279686101	1.99450757044	-0.117354561719	0.0416825327613
10.9475636173	0.0467554266062	10.7997589414	-0.990438566269	0.260919920982	0.244334375514
12.3425524312	1.36716276228	12.0352857022	-1.63018723481	1.65123260894	1.86691055316
10.7087179582	2.88573500651	13.6159992338	2.94874596112	-1.04994650352	-0.579537565805
12.4168654535	4.17571061173	14.8887420587	-0.576828812048	-1.18551953371	1.49109894117
13.6260609386	0.189617816062	13.4198712162	0.919641418923	-1.20683707232	0.45453684406
14.8646983035	1.48669304529	15.1078938702	0.574282731424	-1.49079497953	-1.6281430189
13.649236838	2.90122230994	11.0003241174	-1.46705334536	-1.52881753068	-3.5055005501
14.8106533636	3.94946754301	12.1068204455	1.61772943367	1.58310419927	3.90923804653
10.8587175213	0.166751287633	16.461195204	0.910316702421	-1.46808592597	-3.16250693233
12.2191837475	1.42276995804	17.4666673489	-0.353415073573	0.199496815343	2.84621051857
10.687774646	2.61013237805	19.0743948878	2.21743412565	1.93891561831	-2.23424857702
12.1174673344	4.09771104143	20.3565112634	1.40465133761	-1.39327855611	0.992539849279
13.5013083146	0.0345719416809	18.9913884344	1.37275661076	0.99222329831	-0.615674596364
15.0002104217	1.4720459849	20.2974692887	-0.269834305915	-2.08115391716	0.0710246439309
13.7191008956	2.64598385221	16.4462802503	-1.38337104314	1.65179961404	-0.761637820786
14.7472902163	3.87789614604	17.7721515531	2.21643852261	1.40785031499	-0.384463467753
10.7195696344	-0.12223908663	21.7813517667	2.44313667558	1.26829250533	-1.89100882795
12.1179261926	1.54083312815	22.8920735021	-3.20295080809	0.0281301915312	2.08899591757
10.7391480371	2.61069390603	24.4472898519	1.77237367085	1.22813414922	0.783599303987
12.1014112496	4.15491841256	25.9116729501	0.789616553764	-1.79908871796	-0.530377649245
13.4860277655	-0.119820647748	24.4932358904	-0.442933045742	2.38018121731	-0.549037410842
15.0953623626	1.39926037227	25.7084449663	-3.0655034256	-2.03044540558	1.72266395569
13.7659473194	2.54440006556	21.9096236505	-0.0454158117305	2.41634422176	-1.28590818403
14.9705855671	4.21129483083	23.1804940135	-0.947690597588	-0.2434135905	-0.18581978698
10.8912271024	5.60320959345	-0.0668017544545	0.899415730414	-1.23875975632	3.56860507639
12.3739756895	6.94846173092	1.55075783557	-0.564071768536	-1.53750811029	-1.16655072964
10.8622029933	8.13024583395	2.70197380312	-0.603488247664	2.43122378393	-1.31181518328
12.1609454183	9.63342628143	3.93399922311	0.169829294397	-1.01526138761	0.776543413207
13.5411496831	5.3282494372	2.87925444996	0.665705038571	-0.158628987494	-1.35436311778
14.8975310621	6.8165883913	4.03438356768	-0.385941630076	0.357978494544	1.12747655962
13.5340468062	8.16313380173	-0.114746680574	-0.428502748934	0.306417277823	0.199436059433
14.8091258102	9.42522103651	1.26024280871	0.144798290635	0.6215857582	0.220118513614
10.9077491595	5.32609913109	5.57070019662	-0.66335466664	1.02993137719	-1.69504874712
12.162315417	6.75090271298	6.89794426265	-0.199542324946	0.419094377604	-1.27379024059
10.7779512696	8.14072946457	8.08096276716	0.175066949535	1.64925386772	0.239816156661
12.1033790217	9.64368124268	9.58501039859	1.2898558408	-2.40225677693	-0.782753212615
13.5184660575	5.41611825328	7.95781941773	0.0209034733043	0.398999738557	2.73742082069
14.9079565116	6.86612164266	9.4348308886	-0.368845309114	-1.61490840441	0.842577400792
13.4006752825	8.17221957331	5.54475719859	1.02475177294	0.370054516483	-1.63889889552
14.8530647754	9.57373637886	6.83674070473	1.17138080566	-2.51483018964	-0.469847860251
10.7746724542	5.40057064042	11.0049588139	0.555447778943	0.752536458955	-1.9715304491
12.0432862357	6.6047554153	12.2846957169	2.38390206714	0.590173495099	0.209019271021
10.9813016184	8.04025761132	13.443986931	-1.74129176671	1.70084117467	0.393097733111
12.1519899788	9.37279163058	15.0704079019	0.417530022247	1.85535921518	-1.2898488879
13.7188791253	5.58519855064	13.7266519559	2.7085551287	1.78087647352	-2.23775894214
14.8707143827	6.94369874835	15.0630354433	0.670914077644	-0.00572673506364	2.50766293822
13.5041308743	8.14846329154	11.0155103736	-0.421201508224	-0.0273792353069	-1.16274113837
14.9683451183	9.41049306188	12.3995820454	-1.33475343127	1.24301971978	-1.05446218144
10.9066197082	5.49422007898	16.2611476553	0.135952977402	-1.12278553977	0.0129417209163
12.1469393612	6.74903358003	17.5623779013	1.9303036819	-0.777250625982	2.0507915436
10.9940760519	8.0005297077	19.1172447068	-1.40046655875	0.216287772738	-1.14129968477
12.1403552043	9.46175217989	20.1770874425	1.54035212426	1.70718415955	0.486359775415
13.7284668478	5.35202466462	19.153921216	-1.75204878312	0.749865415246	-0.892714675714
15.0009990148	6.71369568471	20.5318949066	-1.78929511789	1.78507387622	-1.65843826715
13.4289053686	8.10240881968	16.3144638916	0.394852895749	0.218981086757	0.290053465907
14.9384933622	9.40029722623	17.4703440735	-1.4782577227	-0.6226866292	-0.680166507567
10.9932085788	5.36771757605	21.8860363112	-2.8173906563	-0.341029914323	-2.44827467636
12.0402340304	6.69856158643	22.9897876839	2.65896551538	1.76576593708	1.52911011391
10.9687613884	8.3070975146	24.4402760419	-1.51438679335	-1.97506427216	0.837246749193
12.0794456545	9.70062571818	25.9242250423	2.55082660873	0.924028363109	0.62319588445
13.5194812739	5.47918044719	24.5707618598	-0.65906059331	-0.229771477551	-1.7750460632
14.8919674774	6.88671977605	25.5961421586	0.859106619264	-0.0340575424098	1.37120599128
13.423833695	8.28169347989	21.5711149305	0.59609806368	-0.992900396555	1.55105215054
14.9603746559	9.57434379496	23.2284240663	-0.605312396841	-0.135997608667	-2.92778293998
11.0365349428	10.8967935771	-0.0123367873592	-3.22305538258	0.884052838532	-0.897958925156
12.2381333641	12.1298718784	1.16252750469	-1.14408608798	-0.389263302063	0.540685369037
10.6652473306	13.6763069452	2.83392951546	-0.887373521616	-1.15709303032	2.92174369627
12.0267732218	15.0296419217	4.10707660473	3.04600810186	-1.05935925575	-1.45744629352
13.4682094907	10.9801454102	2.62056932476	0.364967037656	-1.76787062802	-0.695901402242
14.7692326816	12.1251052108	3.9622811827	2.44269188148	1.90991499187	0.48839905738
13.4920510812	13.5668681614	0.106573648287	0.205650112713	0.76593041394	-0.675879831928
14.8633322998	15.0881665413	1.24578621813	-0.165888153104	-1.63816564325	1.5061552346
11.0128386433	10.8290659578	5.50660738125	-1.33164528101	0.760279355187	-0.242452210532
12.17278422	12.2061566341	6.95106130304	1.32358395534	1.15514437045	-1.51902075599
10.8325585216	13.5796985218	8.30571400363	0.738568911469	0.472001703349	-1.89080755514
12.3473122821	14.8088574631	9.37789475008	-0.380918429124	1.87855468479	0.884490478476
13.5481085235	10.7249424428	8.00186665963	0.393719179678	2.12250157153	3.38793234778
15.0936231506	12.1528639535	9.65587522016	-2.44093237197	0.254813388575	-1.8907585165
13.7725027743	13.712144023	5.50299276131	-3.47199443961	-1.37795674933	-1.32233576074
14.9491557716	14.940131477	6.69060435778	0.0629240952232	1.19074570298	2.07960003843
10.9811558631	10.7708323879	11.0122540956	-1.17258443348	2.89180274496	-0.604720894023
12.2520593602	12.2326623161	12.3756083278	1.01149536122	0.0733984177115	-1.83171969758
11.0470850593	13.7694258773	13.3905355091	-1.93342807018	-1.29194808165	0.979766100457
12.0381357338	14.8485022455	15.0152387527	1.62280794742	1.81891430177	-1.83066289957
13.6113085379	10.9847101708	13.6687697029	-0.254889701743	-1.69778736375	0.941515313218
15.0497093818	12.304118543	14.8617887368	-1.93437642329	-0.219977434813	1.12756006649
13.6188527228	13.6828454113	10.8659064226	0.414482846577	-1.95288644687	0.819186932073
15.0877107493	14.8795554884	12.2458728803	-2.11164685516	2.52636400267	-0.0963499025499
10.8214244264	10.9028360118	16.434934418	-0.0425615708036	0.662970463046	-2.59122219252
12.1144988146	12.2695835015	17.596492626	0.591040942892	1.29854516822	0.806073440968
10.913647971	13.6863683446	19.0941295077	-0.102896048732	-1.63132676892	-0.0644440372858
12.1393722167	15.0499198015	20.3145282396	1.34792529508	-0.748540701538	0.41661103209
13.6330572989	10.9380848495	18.8932288942	0.365308844955	0.140346196568	0.496573378184
15.0431994978	12.4102208013	20.5436981756	-2.96524903534	-1.08433451143	-1.24786647144
13.4243083882	13.6263060465	16.1379835725	1.64866998083	-0.342141560672	1.89763200561
14.8911309571	14.991719118	17.8383795086	-0.230842442471	-2.39013575262	-2.41298531139
11.0145447768	10.8897020559	21.7329436013	-1.30739267102	-1.48090565334	-1.35020904341
12.0827635962	12.2606080963	22.9412132137	1.98993818906	-0.747533014667	2.77315351448
10.6734382854	13.4996766212	24.3522005553	0.630426027528	1.04061434835	-0.0541686703557
12.0298048829	14.8316725361	25.9421515095	1.37206376209	0.35664919518	-2.56368628443
13.6852956202	10.8278718042	24.4668759206	-1.83807583615	2.29783778908	0.78287970601
14.9265075006	12.3888515607	25.9327009896	-0.107386306232	-0.869541970959	-1.26898356117
13.4686517918	13.633021673	21.8061380369	-0.0387764768528	0.699325578803	-1.3155574466
14.9023098785	15.0228617209	22.9438284333	1.03745693668	-0.337846506227	1.0615945905
10.7380851577	16.1414705668	0.0249977448028	1.65426031043	1.14568497727	0.717636543431
12.3787049529	17.57116567	1.37996728411	-3.30328228235	1.31434091043	-0.193648914802
10.7563088495	19.1624503213	2.70165053994	0.485417537901	-2.69409633538	0.254218280655
12.1703252158	20.3378001693	4.04800057714	1.18916028052	0.853397494132	-0.00467685754212
13.5899054453	16.472034131	2.63288972365	0.329055099714	-1.9318474489	1.97926334483
15.0890069732	17.5097845333	4.23153102024	1.31220223484	0.00616711634262	-2.34841172912
13.5672666098	19.0393482142	0.157254678697	-0.838605200365	-1.02905509688	-3.19130325114
14.8925107196	20.2559508561	1.17237214399	1.40366866053	2.68450184703	0.269065572138
10.8410089316	16.1233962704	5.26857291102	-1.62220183406	0.507845420975	2.33681100337
12.3343355493	17.5756328659	6.9365629008	-2.75699208901	0.670609771268	-1.48512756009
10.7064907834	18.9262997371	8.3298166326	1.56160315135	1.60718603528	-1.1595381982
12.2860033597	20.5299760368	9.57875441742	-1.5563085839	-1.98436893745	0.01174806491
13.6099772341	16.4273210285	8.17185411613	0.924255509173	-2.42131860335	-0.599856670987
15.0757159867	17.5742445836	9.41206412024	-1.39708386923	1.68433492961	1.23550179148
13.5974430667	18.9375201803	5.46042949531	0.615648975826	0.522041521015	0.50158909586
15.0443448236	20.4049425899	6.91454883259	-1.70943685956	-0.266569844645	0.144678988749
10.878052632	16.3741001941	10.6817672732	-0.775802636859	-0.805591599247	0.564610490371
12.0204325297	17.7021282123	12.2926584523	1.87562931521	-0.499147529711	-0.726256178004
11.0461134908	19.0620020693	13.6735895798	-2.59482750125	0.00497646096276	-0.294818761963
12.1480892485	20.4300448031	14.938369383	-0.0356840952488	0.573633260593	1.92148747337
13.5537177989	16.4623518116	13.7002825008	-0.72664200429	-2.80954171176	-1.71583302499
14.9875073726	17.519807771	14.8599629807	-0.44049478177	2.66342960802	1.27042675034
13.5806018559	18.966810603	10.8989588485	1.05206905345	0.226057304702	0.294839464984
15.0709505837	20.4332469149	12.3447298273	-0.717495302878	-1.37696043647	-0.727461133728
10.7966522323	16.2799152725	16.1115225707	0.73129295947	-0.466678367758	2.32682710988
12.4010285838	17.493421175	17.4593933593	-2.13297235154	-0.465196317593	1.63551140048
10.8702817851	19.0328636961	18.8235695721	0.779865749402	0.715270246108	-0.319276469496
12.1027050743	20.4255484205	20.5564512513	0.210160412463	-0.985405179423	-1.799740664
13.6649646178	16.129287106	18.937656853	-0.672481835016	3.14503492518	2.04054446425
14.9417374439	17.7628062822	20.5176199469	-0.942297434438	-0.710911198673	-1.75844378421
13.438355703	18.9452478277	16.3888102412	2.48010213404	1.12520147691	-2.19595142083
14.8901661654	20.4808683128	17.6490776275	0.0565032112658	-1.5392259832	-0.690398149386
11.0069768995	16.2172326412	21.9180283591	-1.03049595264	2.13972610687	-2.04667999931
12.3483442448	17.5779941858	23.1793786874	-1.45788000851	2.03745995194	-0.303003053879
10.7901619253	19.2005998333	24.4675498571	0.604745863377	-1.42103703524	-1.29003216397
12.1199211757	20.4293553975	25.7506991522	1.77455152764	0.681404391792	0.8419574432
13.6194597983	16.3149272049	24.3624280536	-0.793046363099	-1.15025891516	1.63332168538
14.9140679984	17.7376848255	25.6218271091	0.0697873003217	-0.605908022801	2.56705218656
13.5558532824	19.0874911552	21.6730376933	-0.757947277051	-1.36872773814	1.27226304023
14.9105268254	20.2031028425	22.9799608253	0.357657171468	0.918577286316	-0.107229002507
10.8185143257	21.7890081705	0.0625942413806	1.12648257997	-0.17998339138	-0.974400787341
12.2150838077	23.1833602498	1.19090829731	-0.488549798942	-0.595553930805	2.26134912517
10.6905019353	24.5051206953	2.72449846439	1.67537493332	-0.192530341898	-0.503283059103
12.0482734628	25.7687226436	4.22330888033	1.31559795757	-0.364627041456	-1.37272128355
13.713960309	21.7843674639	2.52922635404	-2.49256028227	-1.18080619282	0.118599748455
14.7426028419	23.0791525916	3.93964002158	1.70381379587	0.722484613894	2.60412387459
13.6310176735	24.2442139148	-0.0746600565892	1.07284639806	2.2339187253	0.304747570747
15.0395264544	25.8908850744	1.39959673107	-2.3749653587	-1.55266123603	-0.37873795491
10.8227024298	21.6683783131	5.52081689328	1.51331502784	0.58974085509	-0.0092838154395
12.223030682	23.0857757257	6.86673364638	-1.2510963103	-0.489973919985	-0.524070188607
10.9085482537	24.2559447102	8.23090893008	1.73149479878	-0.358435964466	0.359251797243
12.1899806216	25.9274428389	9.54125299508	1.24456455748	-3.219733157	0.101583517846
13.38123459	21.8859822467	8.20078597704	0.88029055241	1.0172939049	-0.0927386464486
14.8976221733	23.1535477495	9.60447288756	1.80543273345	-0.843360992141	-2.72855061909
13.4138008039	24.5085894996	5.61553315632	1.4175855246	-0.615192778855	-1.28973251994
14.8276173108	25.9090754123	6.95872674825	1.07227465097	-1.72352648234	-2.51459719527
10.8448709474	21.6976805015	10.9658481513	-1.20591766141	1.09854280128	-1.01164077773
12.3861735287	22.9867834098	12.1388641431	-1.79185709176	0.617491262988	2.06663174581
10.8214251723	24.5298884888	13.7571605841	0.952285344177	-0.000734350564764	-2.56569325886
12.4101407085	25.893610679	14.9068558257	-2.02774262087	1.16415970291	0.675148868031
13.5876165301	21.6152357951	13.6299862015	0.464205047105	1.12894949166	-0.54027022484
14.8875597668	23.1893930858	14.8018651377	0.542091307264	-2.33813544106	1.95789074426
13.7384678438	24.2435169998	10.8603772905	-2.16988622434	2.67716913608	-0.102440792726
14.9744986579	25.6318401655	12.1356462137	-0.306061833104	1.12787698448	0.503496211651
10.6823426101	21.9068175169	16.4693333859	1.51930657521	0.40847391696	-1.04156878051
12.2215813435	23.1606920549	17.5307646511	0.290111759644	-2.16189183158	2.18351090856
10.8490036887	24.2442218004	19.0104202307	0.634463117301	2.27966495351	-1.39853235644
12.4130757964	25.9341835132	20.3986055916	-2.58941316638	-1.85594457932	0.0104813793274
13.5659731982	21.5347953239	19.053287633	-1.24477185661	2.2651722742	-0.340121364477
14.8399211197	23.0941156253	20.3429817028	0.802085731224	0.00294890839808	-0.76697798902
13.4515886589	24.3722650631	16.2071231842	2.44571969376	1.70353217343	0.468124642029
15.0340008332	25.7995638401	17.6834731134	-1.027341353	-0.519035613457	-1.22278610857
10.9155729839	21.9179404368	21.6732479449	-1.48822798268	-0.491566509524	-0.00859481804894
12.0724622998	22.9665056363	23.2358124719	0.68032588956	2.24937405172	-0.0585345067602
10.8375907996	24.6314528065	24.4509121944	0.34041278106	-1.72253559407	0.527835342266
12.1839155862	25.690789504	25.8864198527	1.13144418759	0.54058711235	-0.140921383155
13.7316564392	21.7748814307	24.2816202228	0.0348358535254	-1.1005812821	0.60506381446
15.1024463988	23.0471967149	25.7482168909	-0.313385504519	0.188002190071	-0.162243596653
13.6812311881	24.530933541	21.6849246159	-0.618692979691	-0.35755785523	1.98993906599
15.0529100318	25.962232021	23.2361545057	0.116151599007	-1.55554738989	-0.700295167972
16.2583019086	0.00837870739259	0.13541216411	1.54401006454	-0.55603749895	-2.48252719742
17.5096250452	1.5113136609	1.1676734149	1.35313700915	-1.07050679303	2.72127807979
16.1651352924	2.73421599461	2.61621943168	2.19141448267	1.39580262833	0.562670436413
17.708714415	4.14377660413	4.18358857428	-1.92495637651	0.668752434102	-1.39583242811
18.9388811578	-0.04876787778	2.75498893886	-1.24381209815	2.01262323807	-1.43962800268
20.2128720243	1.23646417551	4.10657568462	0.56314476466	2.53597215974	-0.470529626288
18.972883625	2.89296863335	0.0801323893843	-0.629124854733	-1.46104168622	-1.56144715328
20.2998629897	3.95971028653	1.30522368243	1.28578113373	0.736249023808	2.30021048512
16.4591144947	-0.13862869819	5.44708393545	0.431885379083	0.532061507214	1.44697830082
17.7752763427	1.37549053845	6.94053294312	-1.19269101755	-0.704266459776	-1.08111742474
16.1513848201	2.53313959627	8.24486448412	1.8885760199	1.7568081579	-1.42193901994
17.6638750927	3.94874911483	9.44195955032	-1.30489743161	2.22379503167	-0.709353713203
19.0976163893	-0.16858498075	8.0370862865	-0.0158740753668	0.940993791088	0.733651630552
20.2372166969	1.15884083586	9.61736547532	0.376159824666	0.2155845101	-0.784678673943
18.8933024107	2.86388808752	5.52688723912	1.27967722925	-2.06452887526	-0.21848488943
20.4131172774	3.96942110539	6.78836323301	0.688327426468	1.55518365155	-0.980934594629
16.1039033003	0.193987261138	10.8357806688	0.999691508145	-1.75356721185	-0.538555454467
17.5750684908	1.29878302019	12.113905956	0.479809471529	1.16860569118	0.0302041657363
16.2102698005	2.53959769683	13.5841484247	0.812470876497	2.2758714672	-0.230159526769
17.7808109335	4.22545778761	14.8696571772	-1.99936711073	-1.78399938184	0.0751293557229
18.9619290095	0.0305048875543	13.4960393959	1.0641290042	1.08826478113	0.698625486055
20.4231025321	1.45606101215	15.0506995893	0.223139507661	-1.40471727137	-1.44377927415
18.9097044497	2.86942409838	10.7041388354	1.27904130239	-1.70970755927	2.17119933345
20.4815997659	3.99553597662	12.2760796682	-1.58912054416	0.45050899539	-0.0615265643252
16.2503158357	0.0415346487623	16.0973635802	-0.349064580194	-1.27764900159	0.51308564116
17.4553292604	1.24962444762	17.464470636	2.18529657385	-0.561797127481	1.34440764922
16.2253574237	2.6093971823	18.8202744406	-0.0825407499398	0.873446141976	0.326463399199
17.6763855141	3.95327013518	20.3847126476	-1.33858237515	1.61366339077	-1.87446547732
19.0940478313	-0.157254512576	19.0464901202	-1.83971925252	1.58696916282	-1.04957853783
20.1971205725	1.48628893359	20.3912370886	2.66615779203	-0.54204509143	-0.402329851182
18.915721298	2.64228983796	16.2377344933	0.893070778402	1.28259528062	1.25602793209
20.456995252	4.06089566125	17.7724964822	-1.64104832871	0.180179691905	-0.737242115176
16.3794619466	-0.0783789358956	21.6130147627	-0.672535499497	-0.0223673841609	-1.09670826844
17.6142740428	1.24322993011	22.8850590139	-0.133336590538	1.97465355651	1.5579916561
16.117436166	2.68069654032	24.5097361654	2.70019914134	0.363362866187	-2.21379114242
17.5214586992	4.06525259518	25.8155431471	1.47961385776	0.315418206848	-0.515044426074
18.841232425	0.0923516259823	24.5711725538	0.84636078848	-0.663425434727	-0.545868681609
20.2847952253	1.36080869932	25.9493766315	0.527336388794	1.03673127413	-1.5787023706
18.979937203	2.82400560485	21.6867295704	-0.192976899506	-1.11584432631	1.08128137037
20.3972931349	4.04947710004	23.0901769001	-1.01984920445	1.2105844521	-0.760631829002
16.3967616858	5.52473189672	-0.0878174730297	-1.38216747778	0.824846197333	0.577479417598
17.6907493409	6.94285985082	1.49674638257	1.02993052504	-0.787076399174	-2.32226602796
16.221982936	8.1411176389	2.56289255776	-0.561497572062	0.853650771818	1.70182463572
17.4752573611	9.54144375415	4.13202148246	1.40884090671	-0.195488486623	-0.778129649797
19.1074966457	5.46061379992	2.67889515938	-1.25505310596	-0.55615035887	0.517691777605
20.3180319539	6.7723465851	4.0116845467	1.61221285328	-1.29711620556	-0.541452819574
19.097363509	8.30385285386	-0.164868969738	2.43791095573	0.587747516318	1.38593601622
20.378516706	9.41644663185	1.54635702933	-0.780828276683	0.0373876214793	-0.493683316312
16.2289166519	5.59715853523	5.57559021051	0.335448112795	-0.934241294957	0.424597400541
17.7826643362	6.92314657777	6.85519454957	0.324181403377	-1.556101414	-1.6970567211
16.417701498	7.97127221973	8.10579957387	-1.19144683959	2.43858928445	0.332742199152
17.7263126736	9.46760302588	9.44853549133	-0.498362773102	0.91264968373	0.0177619479595
19.1177358661	5.40390992455	7.98819569599	-1.00951842985	-0.413583210378	1.18710514982
20.3624532874	6.80298588501	9.34086213975	0.525805560758	-1.03225728932	0.99899865326
19.1104332427	8.00844989355	5.23301501633	-1.12951420211	2.55214156236	1.53667619181
20.4631364144	9.55251173786	6.6971587041	-2.04967462666	-2.24636259143	1.05073312222
16.1966136109	5.30648963459	10.9978289121	1.00995640699	0.846256261172	-2.21892538433
17.6035135027	6.93425513887	12.1860762599	0.861230067468	-1.87848979679	0.0713994172788
16.0979066445	7.94616055419	13.532535955	-1.13491502849	-1.63125924843	1.30225029659
17.600776603	9.54567958291	14.785146923	0.544382315848	-1.6585041467	0.852915897812
19.1149066916	5.52254248462	13.6561034231	-0.0159695083236	0.530764091616	-1.53735363253
20.5351095976	6.78060449242	14.9876705429	-1.08780368382	0.251241892935	0.854565256825
19.0849972472	8.02457203335	10.6621755479	-0.796570160147	1.37114956755	1.03358156511
20.1970482774	9.48346739715	12.3531271872	2.39792859382	-1.11597477316	-3.26561367668
16.2792738513	5.33300063546	16.4022277143	-0.962076344257	0.180732487039	-0.799226459163
17.7113838017	6.72677513903	17.5213917328	-1.09438292133	1.86517964515	1.85539104743
16.0945356146	8.33733814038	19.1135491619	1.39541104629	-2.6985918972	-1.04032194588
17.5060662655	9.41247797267	20.4095966511	0.521396730878	1.4105009948	0.108039814306
18.9957354706	5.59695887988	19.0495616288	0.399742316285	-1.68563677482	0.338310868963
20.3861989425	6.87518828188	20.4469946113	-0.426385958086	0.379390198337	-1.17259175496
19.1875152144	8.22524471466	16.4575706851	-1.94173166296	-0.366085338082	-2.33219256638
20.1868944751	9.63338223357	17.8133766473	2.87111125787	-0.584660382808	-0.631226356316
16.2024883921	5.51064248015	21.6013881918	2.24282401885	-2.06245323214	1.76637386092
17.7044787299	6.62867651062	23.1391791978	-0.777839958898	1.13518686116	-1.31881567136
16.3611169237	8.18217859057	24.2492594429	0.589278510474	-0.00833002169833	1.64942721463
17.612603237	9.52379268139	25.9761451532	0.12894737537	-0.987559966266	-2.94281412669
18.9986129452	5.43955277461	24.4620265076	-0.409373416543	-2.25462605848	-0.236474676274
20.3254582162	6.60531637899	25.6513554125	0.622408246857	1.694541831	1.52761527971
18.8913999775	8.12107785298	21.748205681	0.93067872312	0.394508315268	0.617918094549
20.4707058567	9.64079472638	22.9294509216	-1.69761863241	-1.88037715228	0.983015829905
16.1572256768	10.6621881043	-0.157366684653	0.293005347061	2.17530568739	2.30828580191
17.8004537683	12.0381731559	1.45539507726	-1.80344290613	0.327074799882	-1.16731897664
16.4179393239	13.7106268799	2.63457625839	-2.12741692699	-1.32176747896	-0.339713925623
17.4617497207	15.0834661048	4.03516743414	-1.14607930719	1.91803313018	1.41887242273
19.1223470194	10.9695996859	2.80206303358	-0.85848978182	-2.15973243568	0.636657937441
20.4692752693	12.304782604	3.92414916343	0.0232225518933	-0.479039235631	1.44476212798
19.1009935144	13.4466103374	0.164047167617	-2.40848065631	0.162267097407	-0.93800513795
20.2386518449	14.9973306632	1.17082731142	2.30828042388	-0.317379985899	1.84274644129
16.2195563447	10.8777928012	5.56000312958	-0.842233344879	0.706583947129	-0.52314930585
17.4625392595	12.3853260502	6.97100071293	1.31967335334	-1.6557051318	-2.34940500685
16.2599120614	13.5616336403	8.05364951518	-0.27794885112	1.39336040102	2.16633277266
17.7542861262	14.9471395122	9.42737726038	-0.217113511412	-1.30987911183	0.732610414313
19.0040586005	11.0109594838	8.00272514139	-0.450541854311	-1.83096033611	0.16686906096
20.3919326576	12.0437285969	9.32827029822	0.0751366457369	1.15839208018	2.36846458706
18.9208260352	13.3988597512	5.35670110816	-0.588647765989	1.9083712791	-0.247807100053
20.2694358638	15.0790773292	6.59010400064	-0.536809534703	-2.9536055022	1.80443590084
16.2868909061	10.9009794807	10.9907596905	1.23596689673	-1.80756476993	-0.316979611915
17.5834057336	12.317742299	12.2506392894	0.878552463959	-1.24765577948	0.511433713449
16.2125552599	13.57526995	13.588800022	2.38553740144	0.363534142778	0.459421167242
17.7562247975	14.8566028002	15.0384697211	-0.840297240742	0.543304763775	-1.41193263874
19.1688180294	10.730767199	13.4335588957	-0.66369688535	0.492115411128	1.57672859923
20.3286969557	12.2740619968	14.841046547	0.888795938774	-1.18270129217	0.116041776367
19.158089708	13.5230717601	11.0443510257	-0.367711968762	0.135845799366	-2.23828249398
20.3398594597	15.0637004714	12.322546067	1.64968709863	-1.14577434252	-0.244565516575
16.1497423135	10.7693703438	16.2061956765	2.30373352306	1.32154721159	0.249037124886
17.6492954902	12.206610798	17.7339271411	-0.133265011199	-0.462368497373	-1.04469968496
16.1203251767	13.4985033234	19.0499585934	2.4109719309	1.57641137536	0.0743742410905
17.8308379251	14.9333150832	20.3416190635	-1.30104053614	0.230923208635	-1.23012769223
19.0004372353	10.8355378025	19.1948052529	-1.47896165743	0.291966236355	-0.627290297046
20.4617068869	12.1549364933	20.2502676934	-1.16822410957	0.53867939918	1.712232657
19.1814293454	13.6145573722	16.2658729434	-1.5606147983	-0.955600264661	0.740106456605
20.4675743208	14.9198302132	17.5534940574	-0.475150759322	0.442239667272	0.600754146797
16.1930595518	10.9955295254	21.5892425398	1.82596162628	-0.860124651841	2.86074114217
17.7419799225	12.2991297569	23.2011599977	-1.57296530765	-1.8750582758	-0.0526278901795
16.2731107196	13.6184289076	24.5330252765	-0.547452172426	0.159587824263	-1.29919859211
17.4993328693	14.7404841682	25.9403032651	1.71180442997	0.136271467561	0.0626070718662
19.1167555808	10.7630646912	24.52776429	-1.4312313021	0.386331785299	-0.331496872159
20.1645600152	12.2299695295	25.8592701428	3.12029472119	0.00977813327163	-0.47345041003
18.9100707279	13.4978768167	21.7759491803	3.27652693323	1.24126049836	0.0526503492722
20.4862908668	15.0903169643	23.2535562037	-0.90051972937	-1.78252371031	-1.51380888598
16.2257423493	16.1288731897	-0.0373074261435	0.465878935779	2.73391242604	-0.326357785839
17.7255544956	17.4905973045	1.50325160682	-1.10253576648	0.841814647332	-0.885980780427
16.1840968799	19.2059667428	2.58048958699	1.32856081279	-2.2127573845	1.7794244989
17.755086584	20.4690467678	3.98753589692	-0.985161221613	-1.05088769772	0.427256488949
19.1511949034	16.2530531006	2.8616519602	-1.64668983005	-1.28837266247	-1.0079089142
20.1967472166	17.5252306862	4.04483243076	2.98867617491	0.721923788565	1.69525775478
19.1124305902	19.0133115158	0.154407360598	-2.86310295934	1.18187606361	-0.305162645493
20.4120251578	20.4844376108	1.42175246834	-0.0604359285881	-2.09511646188	-0.546304939007
16.1727818805	16.3849002402	5.51312676926	2.06161855703	-1.32560956399	0.362697005258
17.8361407862	17.5588219803	6.74714394718	-1.10517948616	1.56278184477	0.647346052391
16.4043821587	19.078606528	8.31497408722	0.475452559364	-1.08125095537	-2.37740080036
17.7134578127	20.511241749	9.31241315832	0.500486343702	-1.95311330638	2.67185281594
19.0856364721	16.241848186	8.16585256715	0.695774219505	1.15869322552	0.0796661074607
20.3936792261	17.823640981	9.52729917188	0.579563980137	-2.56755289425	-0.397421080708
19.1495018241	19.1101928421	5.37037952772	-1.57335243507	-1.01110154061	-0.153975527532
20.2819519886	20.3683816088	6.79680107751	-0.115264311478	1.34164903925	1.37009948734
16.301052597	16.3166081587	10.6879398002	1.1137683643	-0.865187713392	1.58961059725
17.6805943929	17.6509471046	12.2249945507	-0.439486068849	0.330367789299	-0.91025015967
16.4109182534	19.1339941904	13.7025666964	-1.08130961876	-1.7575425374	-1.14816640667
17.4813412645	20.2871540191	15.1178211034	2.92288390579	1.52026990527	-2.13449150175
18.9661101027	16.2577655548	13.4446243595	-0.572698014605	-0.0145404099285	2.00358014296
20.2185160444	17.5409406032	15.008692192	1.39080489566	0.546578395671	-1.19733719975
19.1487035426	18.8731713164	10.7772439798	-2.13421610051	2.73348450496	0.575864683697
20.4553947929	20.3286044616	12.1757357791	-0.710541941342	-0.386765105918	1.21642292841
16.1243089464	16.1368112755	16.1898522225	1.90022772993	0.780497923303	1.68463132013
17.6056521646	17.717485279	17.7668889199	-0.765782606013	-0.960347472535	-2.54618418636
16.1018291404	18.9256014084	18.9478401996	0.597895970099	1.2706993243	0.428363864436
17.504289163	20.5290328839	20.1664309298	0.172789420996	-1.06253746688	1.93479133078
19.1096165941	16.4276174621	18.8229893981	0.559536790858	-1.11204203872	1.85011982211
20.487279222	17.6485502452	20.5412466744	-1.85277636341	-0.0762571956778	-0.557821239837
18.9295409571	19.0299987629	16.1644361452	-0.497814633209	-0.92612878911	1.54206125726
20.2471636228	20.1692881713	17.7048795596	0.393449487105	2.26241090403	-0.183584672514
16.3590794844	16.4200421185	21.5776954484	0.282005384456	-1.10965314711	0.960966201718
17.5456356617	17.5583846635	23.2583685865	1.38577538598	1.56511840239	-0.496106272318
16.2362298434	19.2016249519	24.5674750823	-0.564114197636	-1.96740296436	-2.05785299782
17.4495087583	20.404957642	25.7016178911	3.11759430664	-0.771855702811	2.41311965983
18.9785510652	16.1626043625	24.6000140296	-0.693516547064	0.833810008695	0.754840275387
20.2011870619	17.8307383911	25.9439669543	1.2915870147	-1.69723743922	-1.01059532892
19.1724943827	19.1301822507	21.7907686515	-3.14855978775	-1.59376548491	-0.901413340227
20.4161563384	20.2955042678	22.9953670048	-0.149964672016	2.28118792916	0.533144950662
16.4810983783	21.7933200201	-0.0617256450921	-2.1423559387	-0.894943787371	0.408308452522
17.623708869	23.0579514257	1.44460614149	1.31541464864	0.115706861428	-0.320494604401
16.2525003231	24.4632916115	2.70417852237	0.374169754235	0.461573770586	1.35332361472
17.5959959553	25.9731066544	4.2009733372	0.367855264023	-2.88688463084	-1.9687393547
19.1468133851	21.5610500531	2.62991617219	-0.541005297297	3.01825844394	1.61191153208
20.5134412522	22.9538224096	4.23938231159	-3.20218702864	0.673580936342	-0.135888046931
18.9049983378	24.373668935	-0.163149571661	1.19588182359	-0.173093107441	1.65750482165
20.2702508567	25.8369843905	1.37949653925	-0.00646686062152	-1.955539507	-0.400193211039
16.3935463714	21.6779244319	5.58549841107	-1.29655169628	0.60097838964	-2.50584051728
17.7409854682	22.9092524008	6.74710186575	-0.655725270125	2.02890384763	0.185667682401
16.4270038287	24.51676277	7.98763835181	-0.504268133039	-0.374753084498	1.695062927
17.7818113716	25.872563838	9.59185407613	-0.469194447861	0.50789590408	-0.584720357062
18.8753041404	21.8583698264	8.21044815463	2.35542120981	-0.605287154775	-0.925717970895
20.3642481695	23.1295842132	9.57448856746	0.917501304097	-1.63462701521	-1.91315178231
18.8685780898	24.6042423585	5.4893117714	-1.38151002181	0.852319958046	-0.839878735878
20.4289358515	25.7666072306	6.67256828038	0.398628638142	-1.05380380335	0.52303541963
16.3283652567	21.5880757405	10.734631642	0.353496603131	1.62249159493	0.996359906556
17.7791185444	23.1901804768	12.0629949331	-1.11008196038	-1.63075965638	0.41299015161
16.2410874399	24.35630403	13.5274764946	1.47806458306	1.08708358098	-0.827764823152
17.7092721443	25.8269844022	14.7647722504	-0.553288579618	-0.709208271029	1.17160329292
19.0609309905	21.9127540133	13.6610335552	-0.607038552419	-2.12108979467	-0.321061656678
20.511507244	23.0876647419	15.0219833669	-1.79304999721	2.2018847779	-0.291226960736
19.1239350395	24.3388402386	10.6843008472	0.436810299677	2.93587861371	2.72571676056
20.468213033	25.9560481217	12.360274977	-0.762999149811	-1.84329991777	-1.65230066438
16.4544297184	21.6528605604	16.2673031433	-2.79840255448	2.22356425432	0.628819589842
17.5798844899	23.0844959685	17.7808259113	2.74478771238	-0.371214692216	-1.40318068657
16.4572517706	24.3441909905	18.9125821106	-2.6143056436	0.397468140542	1.49052059103
17.742676811	25.6014810041	20.2586691972	0.188463635536	1.0027357059	0.909288286959
19.1196075787	21.8412788947	19.2037386115	0.391040269339	-0.714144490405	-1.25249387804
20.5421730676	23.0472991967	20.4970124416	-2.1892552309	2.63697359358	-0.658162449032
19.0925672439	24.6214979542	16.4717771186	-2.24379417926	-2.92479726638	-2.60713526464
20.1830086854	25.8149055003	17.5032376435	3.56691467836	1.08790183354	2.13221729392
16.1158842304	21.7959236986	21.7608923166	0.590794453285	0.0903469603846	0.139134349572
17.522060054	23.2654700038	23.1412668544	1.29380430454	-1.67338902325	-0.70888333607
16.4545463588	24.4725947765	24.5429053139	-1.07588253946	0.652190742468	0.460592944316
17.7921883251	25.6220518768	25.8749023279	-2.32491758696	2.39383798983	0.0762400340746
18.8306824772	21.550970597	24.385808669	0.980403994868	1.34830831985	-1.20942262832
20.3219311858	23.14644517	25.6125869653	-1.71016641664	-3.03840993573	2.02935405376
19.0462350151	24.5489471927	21.8527639866	-0.693770724063	-2.57287823012	-1.78556315708
20.1664454946	25.7666262475	22.993889596	2.29830136037	1.55178928725	2.85849816966
21.7100902163	-0.100578308398	-0.082659584952	-0.359392404686	1.68505933009	2.50938331362
23.069389465	1.29357117388	1.54593576962	-0.866587107949	-1.39924154101	-0.339083749436
21.9209637112	2.8310817498	2.85352582561	-0.306173336331	-1.12698822995	1.89721793502
22.9714238372	4.16583377248	4.22441470667	1.8805117806	-0.695634783013	-1.6283427273
24.3380930996	-0.0105966527364	2.78650413708	2.59062894132	0.662072336866	-1.71181033917
25.8426728083	1.35971453208	3.94828861087	-1.36148261859	0.326346037582	1.00062584709
24.3138001567	2.6684157568	0.146950446536	0.469458951471	0.78626816391	-0.923556694366
25.7455087226	4.17298079017	1.38954059901	0.0981465565646	-1.74451317289	-0.482984945598
21.5957190687	-0.0533423325251	5.28489408999	1.7803102451	0.424946254836	0.694576984422
23.0231980926	1.41055962618	6.76422650832	-0.647540164494	-0.46522069477	-0.649088629164
21.7231043418	2.72125364172	8.21268411872	-1.04160702657	-1.14587608898	0.566006470844
22.9424329499	4.08342020441	9.64915079651	1.22299891692	1.40454464813	-0.864479526213
24.2737668116	0.0804196421648	8.19301074485	1.34579039626	0.24397868395	-0.151534973046
25.9694762302	1.51131879853	9.3748375163	-1.29029196832	-1.7170935283	1.06512720423
24.3420107166	2.73707571521	5.26598568665	-1.88956454645	-0.657423884968	-1.23761677224
25.7662078057	3.93702511741	6.63283683865	1.24571594792	1.31683923533	-0.257512382588
21.8288968596	-0.0349100966782	10.9504229846	-1.17118573335	0.684257338488	-0.403301383313
23.1858131563	1.36358107084	12.090145059	0.976076644424	-0.145749584042	1.76799668779
21.9114993653	2.76685432862	13.6283829579	-1.2077725642	-1.34465496928	-0.973309075574
23.0277167295	4.10900693188	14.8250825908	3.1566656018	-0.511766369309	1.27925835121
24.4440243547	-0.168582956761	13.7372864122	0.859143123679	1.94361411261	-2.11028424874
25.7347781136	1.51513856024	14.8687268371	0.503968884605	-1.46368895727	0.0404814532824
24.5970651924	2.82621133816	10.8212271913	-0.444817386985	-0.474370671792	-0.846946858647
25.8957215487	4.10521963103	12.0958815985	-0.271494988107	1.31042616758	1.34200094808
21.9125824617	-0.00136810568108	16.3744068869	-1.06027171022	-1.68172687937	-2.09172263372
22.9662719415	1.4836507193	17.4614962464	1.06785498409	-0.308117058977	2.96323574839
21.9086539053	2.9007863908	19.0777329925	-1.77814682993	-2.54389501346	-0.0425719065958
23.204453589	4.01859048408	20.3503460942	0.14828263978	2.93515468325	0.013663615238
24.399175086	0.0469936386886	19.0833631113	0.0423336453323	1.67806613285	-1.75148474903
25.9291679184	1.41134186666	20.2770951089	-2.99483434016	-0.586699384519	1.05472896486
24.599957226	2.57880611925	16.4525126328	-1.22555306226	1.72175114524	-2.21649347459
25.9498444164	3.93231195083	17.5022359746	-0.694686050304	0.286798857523	1.81739527566
21.8132443144	0.0011554425491	21.7750789034	-1.33428635074	-0.165071219825	-1.04319640742
23.1010112576	1.3410078349	23.0396535253	0.86435659861	1.11353374422	-0.0186352740488
21.6735965177	2.73146618181	24.30772423	-0.0500393920679	-1.50265066313	1.15039521902
23.0521238003	4.00143870718	25.6099986563	0.137921445337	0.360147423635	1.17368605359
24.5044388892	0.154965135453	24.5257054553	-1.35023302749	-2.09424460443	-0.84419677992
25.6480327417	1.43457818148	25.7492567181	2.39540555114	0.285541677637	1.31300650519
24.5640640218	2.7822795129	21.5908530638	1.35412189863	-1.15709961244	-0.598887987291
25.9153575187	4.18563871019	22.9106813321	-0.127233204381	-1.8082831426	1.65892171912
21.6470362731	5.28702274581	0.100870530543	0.571740030499	0.137197570373	-1.89643908791
23.0660733172	6.64302809873	1.38584960158	-0.649039267318	-0.407427379324	-0.0381890032946
21.6687815176	7.9689459934	2.67896380055	0.804164567972	0.495627242798	0.705986527708
23.037534006	9.37501715456	4.03021133654	0.11312806057	0.0247310222663	0.461010972901
24.4143587697	5.2361089313	2.6962741211	-1.03764717033	1.7497542699	1.44066010842
25.6537559789	6.80780160138	4.17207908747	0.156679081692	-0.851497423058	-0.877399962886
24.2388149011	7.97822641939	-0.0531261075991	0.525616236997	1.78272266482	1.11627817318
25.9244353367	9.54168934381	1.2100669167	-1.52324677506	-2.25153528185	1.25995016065
21.7782402937	5.44418954649	5.28750883737	-1.26260085118	0.593724915634	2.64332233427
23.1749347053	6.7392497651	6.86737962707	-1.43671559207	1.36072870799	-0.733952114589
21.7662724325	8.14469268269	8.29971779683	0.696589328897	0.708722960217	-1.81005305657
23.1690693884	9.62589430105	9.50367123238	-0.147354404217	-2.16401099081	-0.540513110947
24.623761272	5.61611217444	7.95009408005	2.07747790262	-0.0850335061913	1.35987828657
25.7574071544	6.60870201495	9.70267058403	-0.38549113803	1.13599190204	0.788509126623
24.5097336678	8.18608635162	5.59445340861	-1.16107775511	0.0807094686757	-0.961422041679
25.7775434988	9.65265321086	6.78420523229	-0.0382770764037	-0.698131290154	0.989840506099
21.5833076528	5.57379732148	11.0259250566	0.94629402497	-0.120201499828	-0.551848642245
23.2266697982	6.837465438	12.2735001789	-2.74083440086	1.27810291414	0.615585430438
21.5575484675	8.29871225245	13.7081722213	-0.684105484911	0.583698051285	-1.4162634191
23.2047710555	9.32238881258	14.8788713836	-1.51871700968	2.47014839368	-0.768204311852
24.507431867	5.59396793483	13.5650835448	0.594077441255	-1.40013144789	0.23818693929
25.775329648	6.94950371828	15.1155606526	-0.386939857244	-0.345602448742	-0.792130317262
24.3118206055	8.20119938858	10.9058511806	1.90403711722	0.955050249849	0.285532249185
25.8595336054	9.62266445927	12.3661813421	-1.16134019497	-0.665313177823	-1.88533690154
21.7685268002	5.24592585578	16.2155713643	-0.191458262888	1.22539326682	0.86330652645
23.1144387302	6.75846553636	17.5534957111	0.148715226994	-0.633660885375	-0.710959973168
21.8575394532	8.05868850888	18.9363057202	-0.788683138599	1.67580140521	1.29331636999
23.1953452639	9.60187983228	20.4708539154	0.209669866469	-2.22116279061	-1.09461427751
24.6129510002	5.4133130453	18.8388008653	-1.06806175971	-0.560416145287	0.168916608273
25.8362398196	6.79172641224	20.1760288414	-1.26203254586	-0.911184415864	3.1932843291
24.3058787005	8.32315583826	16.2261532291	1.67214311989	-1.57530404726	1.80535491362
25.6398398328	9.54740409521	17.7620110506	1.76257477727	-0.0258611670271	-2.15812115231
21.6524859321	5.56137813267	21.6907341119	1.03109984395	-2.16781072864	-0.217991277854
22.9059024243	6.80597085139	23.01631116	1.92584585055	0.0567141869661	0.274931906962
21.6437803405	8.0684724188	24.2712492589	0.903464107052	1.31852183054	1.68909749084
23.2610091134	9.70259051781	25.8085172176	-1.56900451757	-1.4041969674	-0.637358350379
24.4950976925	5.45870992355	24.343556005	-0.687916711596	0.307599678811	0.106018641344
25.5996597258	6.85776239929	25.9677588765	3.1013755113	-1.31622946646	-1.64651125595
24.543109847	8.24847519279	21.9156212713	-0.905790238019	-2.32791478758	-2.42645636522
25.9529386075	9.38119659139	22.8899907288	-0.668257561073	1.51507197235	2.7961030357
21.5522049894	10.6747592096	0.067028767554	-1.01353365911	-0.352288851139	-0.370361317643
23.1563259995	12.1344707772	1.55449473894	-0.915305859632	-0.53605805507	-3.60503382528
21.8997678294	13.4734092469	2.54666129033	-1.60609134157	2.82400702863	0.895772005309
23.0027312871	15.0137422416	4.21576824728	-0.211228285394	-0.737805148572	-2.24011602629
24.3456860335	10.7850302573	2.51919791745	2.05291427229	-0.450795016006	3.06349080872
25.8239761772	12.3341663651	4.11324170149	-2.46845005114	-1.15264280236	-0.553875432956
24.5220438762	13.4686202079	0.0882359968155	-0.821353542598	1.39395596399	0.274680295605
25.9397010229	15.0323661199	1.24331613818	-0.832014977406	-1.0332994477	1.9787592949
21.5528145125	10.6779026131	5.47689548314	2.82017244222	2.51936768486	-1.51476617244
23.0716246215	12.1175166001	6.94031892825	-1.95014928955	1.29901505283	-2.24160551943
21.6519073001	13.5655259531	8.23220895588	-0.405894733396	0.906951002766	-1.39764043338
23.0740285639	14.823006165	9.64626661023	-1.34601197683	2.00733113267	-1.53165747661
24.2692066198	10.901065975	8.10826832011	2.65503548373	-0.060231979407	0.893947569631
25.8511043012	12.1200268416	9.54533806951	-1.05000569009	0.785885366641	-1.36401747271
24.2550153907	13.7125952721	5.43559970095	2.07332038297	-0.958663824057	1.41325452671
25.9311566418	15.1140510905	6.76680271275	-0.839242533877	-2.64174986226	-0.0595580039804
21.9183655658	10.6999020394	10.6774846518	-2.32031495315	0.584895770705	2.13642310725
23.0024940399	12.2358209509	12.2732584477	0.148872428237	-0.978121185264	-1.23523411568
21.8179021751	13.5002626844	13.6532240425	-1.24049434738	1.655696048	-0.846030111142
23.1933366388	14.9352126109	14.8008617134	-1.46740944548	1.01564389691	2.11076137128
24.3589017838	10.8938142847	13.5519510143	1.46274050955	0.510385315617	1.48258146872
25.9385645824	12.2763224361	15.0135354505	-2.29044276621	0.508647758218	-0.967763253739
24.2566450498	13.4881036252	10.6825713024	2.09379326586	-0.525618710102	2.47708117558
25.9144707467	14.8088383019	12.1486251329	-2.77362307189	1.15454270582	0.165702655993
21.7255067853	10.8351671719	16.1388478272	-0.978483263151	-0.318584771456	0.637302826689
22.9041042697	12.2296982271	17.5830371269	2.09279514843	0.0385417899585	-0.897192932625
21.64264635	13.5230316842	18.8638224425	0.845409065062	1.08092051555	1.43418483187
23.0500582288	15.0668749071	20.3272018935	-0.0792664848568	-2.38646853658	0.785674708978
24.3441518785	10.7704369079	18.8856188847	-0.411306525178	2.25295834233	1.10104901992
25.7414930502	12.2142276885	20.2624194848	-0.59667092295	-1.15535263141	0.69428574807
24.4795197554	13.7753128881	16.3068790089	-0.833732030664	-2.82288107514	-0.661910839543
25.7891126017	14.7896755447	17.574177808	1.54371116661	1.94028519612	1.27472172792
21.7129829473	10.6855969353	21.5574208149	0.948253826983	3.22216677578	1.09185544009
22.9230480328	12.3955415333	23.2347738267	-0.0631068632844	-2.98261257144	-2.34594833469
21.8493209906	13.6136345782	24.472895789	-2.15072372588	0.698050520548	2.13798195808
23.1997066638	14.9231666555	25.8445631252	-0.516659486676	0.184529255396	0.885385624454
24.4847799217	10.9425856899	24.2706947032	0.638583068666	1.61829979572	-1.19393059216
25.6940102323	12.3896692133	25.8583466096	1.05490300999	-1.54822099987	-1.79258230936
24.4088325957	13.4351208324	21.8960396453	-0.265144315876	0.246965379631	-0.958522135546
25.8335465008	14.9606112776	22.9251371907	-2.03808397758	-0.925243321048	3.23625299382
21.7429687459	16.3883613493	0.0444413061463	-0.187422982116	-0.319536255866	-1.23663995733
23.0792894169	17.7105127719	1.33488448087	-1.80827037705	-0.314951316122	0.740246308436
21.6239952119	18.9658951781	2.72974727801	0.625098701396	0.202446372363	0.211024954428
22.9914767424	20.3504631931	4.14976326466	-0.471606259156	-0.301771951034	-0.196374925543
24.3079820486	16.3716339366	2.56193045368	1.14854072766	-1.42495208175	0.97868976685
25.7436945967	17.4910595564	4.10921251672	1.25015307226	0.909299461022	-2.19010850235
24.2412323264	18.9001830334	0.0503373416346	2.16723255294	0.179280898586	-1.4813941317
25.6193793793	20.1671017352	1.36971960601	0.684380368323	2.04722101407	-0.279084514937
21.7062024542	16.1429682864	5.59583991619	-0.409117780202	2.65817046978	-2.33638535418
23.0936978184	17.5865352831	6.66172833051	-0.750731752351	1.67483053741	1.76775944005
21.5982672086	19.1900272709	8.26423207825	1.6509329705	-0.507440616876	-0.530836557599
23.0294654731	20.2905715289	9.57253862751	1.7765005942	1.11164468092	-1.7632677736
24.4141714777	16.1554277032	7.98727322594	-0.541214320508	0.523892137726	1.5341420689
25.8573167656	17.4701141712	9.41418059544	-0.0965113001617	0.0152292490044	-0.43141093952
24.5276477118	18.956179084	5.25395382658	-1.41391526518	0.146846152115	1.2231611287
25.6751046767	20.3263739441	6.7589535629	1.27026648107	-0.282758065113	-0.953249449953
21.7444858513	16.4457367587	11.0141854967	-0.164417273616	-1.3984194895	-1.26428438337
23.1613466392	17.5628295982	12.267975269	0.179002463584	1.13385990885	-0.67716949927
21.9039215154	18.8698603375	13.5847065017	-2.04807533129	0.716595135496	0.706391167945
22.9126258644	20.4204560707	15.0675510844	2.98055535711	-0.84987327887	-1.38000835339
24.3353172698	16.3628115023	13.6170088867	3.36282056894	-0.960984689292	-1.03305708266
25.9922388254	17.7344702267	14.9261932357	-2.17294744231	-1.1827981363	-0.18705712584
24.4851192748	18.8324163342	10.6938556076	0.39629221201	0.645373800636	1.72818778618
25.9134528458	20.2281908633	12.3159616067	-0.293373724578	0.220422314076	-1.6383429824
21.7848017947	16.3877343148	16.4554833649	0.457946406132	-1.23541913974	-2.42240516507
23.137866798	17.6882430972	17.7082033374	-0.631759237739	-0.416603950267	1.16730251835
21.5947595927	18.9358622558	19.1464831095	1.30371639565	-0.350247653241	-1.61734870404
22.9907345513	20.2625964035	20.2413073436	0.612403721585	0.996612181067	1.41766042048
24.4277314445	16.225026056	18.9598833902	0.912982789679	0.922861202002	0.678018257215
25.7019851568	17.7054599699	20.5523651725	0.0434706348338	-1.55941456312	-1.16600273801
24.4909959578	18.8238947363	16.3732244158	-0.53729894791	2.05934957368	-1.5540930464
25.917873008	20.2134555368	17.5268898828	-1.53021650886	0.278530388394	1.19656622935
21.7798337692	16.4248501852	21.8399377967	-0.0436443117786	-1.15165298561	-0.471598768715
23.0043203818	17.6931497083	23.0942619251	0.44528855035	1.02951057804	1.99256054196
21.5685340654	19.1456768891	24.5883350475	1.29245592311	-0.723957692609	-0.466129638869
23.0265851552	20.4580993582	25.991956899	0.331200846156	0.589641828772	-1.62194453037
24.4381665287	16.4219501058	24.5703750668	-0.0649120866765	-2.1758415691	-2.70938641169
25.8220545838	17.5105731567	25.6909263899	-0.274934011447	1.03435312443	3.21871496151
24.4003604934	18.9513856071	21.7830031687	-0.908340994613	1.6924714257	-0.0273301159232
25.75556424	20.5372576486	23.0596318505	0.751271291773	-1.80138749549	0.393523182476
21.5769964861	21.7764426013	0.124032105741	0.872713496918	1.33268400162	-0.84423002614
22.9560435302	23.1848706565	1.48896398547	-0.243510316674	-0.38121438537	-0.685539814208
21.5337046804	24.3165800528	2.87986400213	1.08032579115	2.18736760234	-1.01269908555
23.2328752941	25.9040371813	3.87627175882	-1.59660766197	-1.75525699347	1.81163247179
24.267877745	21.7751031474	2.81693101043	0.545762690685	-1.33545633	-1.33665085629
25.756234351	22.9022680201	4.02131144605	0.717381226719	1.95323786857	-0.64701905922
24.2428457125	24.5470239397	-0.0427680321875	1.82082680574	-0.876479807229	1.41553562457
25.8526226744	25.7938335679	1.41099906236	-1.01358856943	0.872498848065	-0.55113220007
21.6273087391	21.7006771385	5.5943349658	1.51976836773	-0.966617260931	-0.315426584578
23.2412655578	22.9104135668	6.70764318093	-0.276271772898	1.3525063981	0.59110493434
21.8021041965	24.2637830402	8.03186625049	-0.310488300554	1.14924745761	0.322549549987
22.9845192448	25.8217888638	9.53733687794	-0.257752013144	-0.553970702461	-1.1048099348
24.5831567191	21.7601058186	8.06469741443	-2.30029979457	-2.30342684992	1.30843571227
25.7240484611	22.971189144	9.46415248842	0.960083264706	2.73121878464	-0.345545684173
24.6354652464	24.3260407132	5.45498846202	-1.60214287997	0.615607435317	-1.74276205433
25.6355090092	25.9584359081	6.66586944493	1.06932949276	-0.361423388121	1.8782526758
21.6993072804	21.5612020921	10.7590795489	0.915178408056	0.943989940853	0.748163031176
23.1960145213	23.1518707298	12.3740473579	-2.46605323535	1.97405521071	-0.302502893492
21.7296095709	24.5955906602	13.6824423298	-0.0513548717002	-1.78452652966	-0.551820702989
23.2623748643	25.599179614	14.7719835016	-1.68945203411	-0.684139005369	0.293844603409
24.4342875037	21.7904638836	13.496333151	0.220024949667	-1.76058559932	1.54061322965
25.7427823207	23.1237383409	14.8404984682	0.557048613128	-0.299862184241	1.95813144304
24.2901220184	24.5043236599	10.7485125558	2.09989548823	-0.717498188281	0.934962504857
25.8529266977	25.7863518373	12.2684098558	-0.48331204544	-0.479927357154	-0.453378849186
21.6280143404	21.7361771453	16.1357553652	-0.0943975552108	-1.19748769501	3.23768504174
23.2702073151	22.9320660041	17.4517547572	-2.1517996406	-0.115537173309	1.94108704266
21.7412028742	24.4532764899	19.0389186931	0.703908926141	-0.402282620066	-1.84630757409
23.2084396451	25.8554992763	20.3089825287	-0.753556779503	-1.06368968324	1.14308461674
24.5399386635	21.5675018734	19.0088277638	0.384171668684	0.432545271728	-0.301196520067
25.8990875116	23.1641742251	20.4207775296	0.0668272952284	-2.98454781732	-0.81909708912
24.3466524974	24.4802988258	16.374383128	1.5544279266	-0.0927903105537	-0.993870354491
25.6676417519	25.9693734229	17.5933845536	1.69905724865	-0.739399211651	0.0558376794321
21.6599712607	21.8742627607	21.5652709226	1.59991581637	-2.69264637648	1.5242673982
22.9767954525	23.0716613049	23.1460928038	0.425599629233	0.437462284638	-1.24407552548
21.5940013099	24.2505336162	24.5751189472	1.23690757077	3.84637852038	-1.91380634735
23.0685762344	25.8968513853	25.9047344704	-0.676702870995	-0.769850215584	-2.43972460822
24.4950771824	21.9070861147	24.3700719528	-2.03156382473	-2.43439225449	0.914935523567
25.6252556624	23.0671640251	25.7152605682	0.623194823763	1.25826689497	0.837882200314
24.5801523719	24.3087022193	21.6394369416	-1.7966948797	1.74210043834	1.34840721993
25.8111705878	25.6798837381	23.1980319852	0.0272797019687	1.12057443105	-1.23816934581