-927.998496803
16.2914933118
0.188331778526	0.133658383563	0.196074570977	-3.06529695712	-1.81564956172	-1.63543099407
1.41009818219	1.32105473008	1.38957300191	1.52373341534	2.69054866555	2.35984579491
0.185242002085	2.84635862576	2.81929397102	-1.13565134391	-1.9603774227	-0.241002811343
1.3862419281	4.18795466778	4.25441527478	2.17779321148	-1.83363159318	-0.611879837206
2.71343303039	0.0871952520854	2.84020827457	0.277869812255	-0.783453230674	0.354461045994
4.12662422404	1.45157067818	4.26870739287	-0.517194860574	-0.675557616105	-2.87437946238
2.87698328712	2.66371724622	0.146127432863	-0.0988526050169	0.445389959372	-1.1770243559
4.24451141382	4.20885882848	1.38169974294	-1.0723036676	-1.57552567377	-1.19001408421
0.180246034301	0.0396826836762	5.31106736582	-1.55601084811	0.11097775312	1.32809106157
1.16530654593	1.47868894666	6.88251886818	3.13269028569	-3.30746571802	0.00420165743829
-0.120242965922	2.60955314501	8.17526580319	-0.866768993777	2.112160844	0.900606393318
1.30244984418	4.08550906934	9.41728247824	1.0731027135	-2.35703848921	-0.0435259816537
2.69816374229	-0.0822079404248	8.18231838673	-0.561908268259	2.62149918545	-0.995197096236
3.9775208185	1.47177590932	9.54081893159	0.353878920468	-2.71107019329	-0.2087265682
2.77407174854	2.58404823899	5.60161275786	-1.99573617705	2.39231357487	-0.827902864866
4.03430686034	4.09998920846	6.67123236566	3.13574994433	-1.14696367353	1.84812989578
0.0911636302625	0.112550563164	10.8520390579	-2.39392431963	-3.30066469405	-0.0657095820828
1.17068257653	1.18612193034	12.2295042537	2.74716187497	1.67944963822	1.14066975035
0.00744005009656	2.55250190839	13.6557022136	0.527755069095	2.89223260214	0.898671066054
1.47333961288	4.14412177418	15.1149421588	-1.16702803866	-2.70576786358	-1.6384403544
2.7248698972	-0.052972628962	13.5477817916	-1.19862291097	-0.624197766979	-0.189841990481
4.03063336643	1.29830395931	14.8091130843	1.29789781321	0.233689856506	1.33172876987
2.51566387146	2.56384604011	10.8988322311	1.4442767932	3.24663782891	1.11748534302
4.25717788711	4.00369890149	12.3228095328	-2.10756055767	-1.31303182295	-2.89668015663
0.176730902173	5.48697379167	0.159310007967	-3.36969021514	-1.81362711029	-1.94835593859
1.16594004712	6.6069259651	1.51182322933	4.06828960955	2.75087326767	-1.61496460522
0.0935537059771	8.3291560209	2.53349633198	-2.16462535363	-1.38092661444	0.235323336786
1.30186923113	9.33453147033	4.01156024234	1.55804597789	2.51749144142	2.2226546612
2.72712771335	5.27478667519	2.52937647221	0.000944250959849	2.5039300979	3.85800422962
4.01700768939	6.96457990644	3.93733011606	-0.721640570234	-2.67054731527	-1.21049054256
2.67745457559	7.98344680856	-0.157999091058	-1.97906820793	0.855746871624	3.58629644561
3.92664047162	9.34295750514	1.54917108229	1.87729372004	-0.180197319403	-2.8108586992
-0.164442620543	5.42756612684	5.30095574319	0.963180901517	1.33265550805	1.55685264754
1.40897898993	6.70072603468	6.67870200708	-0.0757245656711	1.36711555358	-0.0144523342995
0.0784142599521	8.34236069198	7.9719539586	1.25422568452	-1.87664217528	1.74551172816
1.5230392185	9.6181460528	9.55835354372	-3.03317006035	-2.64854607806	1.90116603239
2.82130427702	5.35598121393	8.08940079597	-1.90451164354	0.107792605757	-0.401925253813
4.20155915417	6.5904628422	9.38068290132	-0.909351243971	3.19841882142	1.9889557204
2.90540088617	8.20747169687	5.41610536492	-3.20656170744	-1.37573481401	-0.0486268445242
4.0081483196	9.44052363664	6.88565419613	1.88009526971	3.06292735402	-0.74684658475
0.0237124722009	5.24279741446	10.7740405928	0.0485389748931	3.46850812445	1.38139326118
1.46201275403	6.60339870809	12.3704651777	-3.39358221202	0.350047969051	-2.39199860053
-0.106382550212	8.08308524804	13.5516119762	0.835791692933	-1.08900148594	-0.389967733233
1.20866487971	9.44212885445	14.7982339134	1.02260272614	0.483797467388	1.05528573784
2.75111350761	5.29656714622	13.5077577843	0.953398532118	0.145628307868	2.61226528461
3.91715415917	6.78174515184	15.0172178972	1.58536689819	-1.53226104554	-0.848820249401
2.71734646892	7.95147371321	11.0103625134	1.35582767621	-0.108515429936	-3.44068074291
3.89531794768	9.63890380692	12.1071032239	2.85845109471	-2.03014615222	1.00164764846
0.00215682927363	10.8751137234	0.0513377744779	-1.41809389986	-1.31576823947	-1.9190533668
1.25773960217	12.1488962159	1.27677571952	2.04950984775	1.39207260823	3.28552374276
0.0715687612326	13.7041647298	2.84734309935	-1.54726974624	-2.06890583584	-3.06112921714
1.26026313245	14.8956078291	4.13056013959	1.85365346417	1.70986838129	-0.778456415007
2.72309779387	10.8108504594	2.83305862133	-2.60511580839	0.489929943648	-1.72854528653
3.88675587474	12.2142022053	4.15898894829	2.69276936822	1.88391608896	-4.02899138549
2.63646758122	13.5162505754	-0.0802196308639	-0.272862737466	-0.262891000564	-0.658251904782
3.88684282404	15.0178969389	1.17588495011	0.676658936336	1.00200600785	0.693222076868
-0.00183659774208	10.8355577319	5.40792134715	-1.16264337015	-2.20265974435	-0.16268201954
1.21981961824	12.2232658291	6.68643563003	2.16990897874	-0.174369334325	0.239563126262
-0.039733843928	13.5758361481	8.00208739578	1.24008258121	1.65548486432	2.64691007162
1.44935742519	15.0568639463	9.57020556481	-2.0330104547	-2.73064716816	-1.10009887448
2.53222191493	10.7788493334	8.14721872733	2.87203425564	3.80464339932	-0.407143446642
3.92679428295	12.3934040333	9.60765230338	2.00141967176	-2.6278084221	-3.7374690302
2.64549299019	13.5704793898	5.23326434753	-0.671423303887	0.439969214721	4.02359544527
4.04013145995	15.0169051771	6.61039257795	0.43512556794	-2.41380732949	1.45788373093
-0.0484533167157	10.9266190685	10.9338898226	-0.664488411445	-1.59957890111	-1.51924717372
1.25897233792	12.2919420899	12.0460983541	-0.0776467729523	-0.861947557715	3.63331772926
0.00454760724676	13.6468861598	13.5518574549	-0.633781001627	-1.27499648755	-0.206422325405
1.1904796348	15.0483369545	14.952766907	1.4835518893	-0.403797986708	0.128202704062
2.57948867733	10.8466765073	13.4531698978	0.7648037675	1.90929909388	2.03161699238
4.26274826558	12.0250928737	15.1092569745	-3.16750433343	0.717183002222	-3.11827778681
2.61135232458	13.4828987823	10.9792949459	1.19478509415	3.48959842556	-0.825477483194
4.08296277471	14.8017351502	12.383309584	-2.26026031795	1.38605037363	-2.48725745621
5.61199322298	0.177978431085	0.139188549618	-1.7607849018	-2.47250122652	-2.75140383349
6.65800307394	1.35716150403	1.53228856279	3.34294617766	1.22321828874	-1.20267326902
5.33748897903	2.74148954778	2.60676761243	1.15177311221	0.809744610912	3.56655581189
6.84656803907	4.22433460661	3.90885117422	-2.10210550949	-2.93920458999	2.6851726363
8.17989725053	-0.0115968787918	2.67248208892	-1.84867559902	-1.23860751128	0.105406285823
9.37289600798	1.32264546738	3.90835440617	3.52746716164	1.85209302084	2.91807634086
8.33060149724	2.65327508311	0.191863803105	-2.097904739	0.225133160136	-0.269804273742
9.56622809304	4.26694666719	1.37718258509	-0.0123142788675	-2.73862439023	0.329608742297
5.34057283888	-0.0850640140492	5.35159563901	3.0546977753	1.17950297684	1.62471451898
6.8463093508	1.38913458251	6.84990146848	-3.69100468318	-2.80610115212	-1.94399839974
5.55565115736	2.5615450251	8.22978853909	-1.95308246231	3.31852384553	-1.42616257704
6.97337474818	3.91146346052	9.52723892551	-2.71482416602	0.0415119477721	0.947373689223
7.94681823997	-0.0806722953304	7.9742862388	2.63996979621	-0.0988987512564	2.05540969943
9.62047685673	1.5425673574	9.53464185995	-1.01739932289	-3.26985268353	-0.817723767323
7.99302556535	2.62258675094	5.53643782002	0.983294533644	1.26281186598	-4.31592942779
9.41372419038	3.87308924516	6.72049437207	1.12086801996	2.73543794726	0.709218447706
5.30297931041	-0.00415826860934	10.9416459001	-0.351696482999	0.409981427494	-0.570647426915
6.65126065783	1.51370721019	12.1129526023	1.34895659787	-3.7409514489	-0.060494474828
5.57794967963	2.52975940269	13.5149793274	-2.9628169731	1.50970059787	1.41686369634
6.59307800071	4.01573725727	14.8479240358	1.60260334897	-0.237693799464	2.49869485541
8.03900691736	0.050888816941	13.40123436	2.05815611474	1.04347083542	2.06035820682
9.64951834878	1.38103933438	15.0497246565	-1.68580344977	-0.753832838779	-3.01148143177
8.16610307782	2.57519444929	10.9200920976	2.31337302083	3.78222670783	0.874602917355
9.68102156592	4.18966789705	12.2774087093	-3.00290457012	-1.2731102448	-2.52555750639
5.52168924878	5.58212064413	0.167261667068	-2.47837280218	-2.40933766844	-4.34886653234
6.73275068046	6.60678043287	1.19176136535	3.10955494169	2.66232428288	4.35908595423
5.58854864099	8.08286000242	2.79083425505	-0.53429759297	0.581297789552	-1.92009271936
6.59740485818	9.61828834193	4.22392615791	1.50715790108	-0.26062010599	-2.1263488903
8.21756590836	5.34036345968	2.6582201495	-0.29014426118	3.38189657439	-0.445772371019
9.56780284225	6.89338288137	3.93709182186	-2.21679693646	-0.718686451594	2.54426256217
8.10398905917	7.98462084352	-0.0458184072353	1.19016654186	2.65141565361	0.690078679001
9.50721747207	9.67704583506	1.48188891598	-2.63823585777	-4.72294720588	-2.39870796661
5.28756159526	5.6121067511	5.25464826014	2.33128762674	-1.42729035759	1.09056872571
6.95429573248	6.75640796182	6.72296173304	-4.10647273334	0.798562784994	1.01023723412
5.53949794305	8.30770613754	8.25068224834	-1.24729523782	-4.95336518194	-3.60952394922
6.71157721941	9.40691763348	9.41033112238	3.44034169545	1.95566589346	3.10204948572
7.99439765969	5.29424463733	8.23054704862	4.96092851124	1.02729576208	-0.657178109057
9.66390726109	6.62259264915	9.6882369204	-3.69514739499	-0.423309575613	-3.2603370471
7.97135223287	8.28788614299	5.43430553205	2.99023368701	-2.13276283165	-1.47196409168
9.43444942417	9.36357028837	6.79929434642	1.83478919909	3.07621303352	0.607657309839
5.51048397923	5.35445364774	10.7860738974	0.617591198019	-0.768507366561	1.0534860766
6.66964102398	6.87852326594	12.253548655	2.12882365115	-1.35121984291	-0.945961447061
5.40928086345	8.07620419977	13.7340451311	-2.90213177614	1.77034638578	-2.22452719821
6.66970854577	9.49387793411	14.9209937848	1.3942698604	-0.861539140277	1.49476755944
7.98322463295	5.26783151686	13.5797595108	1.57899766586	2.88824006731	-0.589311705193
9.57244881178	6.84950373656	14.7851172861	-3.20226686645	-2.83978696016	1.24122103233
8.27288117866	8.12277199147	10.8246356453	-2.48870220628	-1.1482264548	0.0436702437434
9.67399415821	9.3311698494	12.0365051724	-1.96918901801	3.00484749909	2.27215942009
5.59583646638	10.8661340108	-0.0759542577463	-2.47318429235	-1.9403193237	1.68291665316
6.69363299916	12.1967937162	1.3104844444	2.16803334733	-0.577337125829	2.73498603346
5.28946768982	13.7494337657	2.55687318062	-1.34122936487	-3.76060500512	1.02795708896
6.74858850991	14.7402928206	3.96857339745	0.415754059408	2.03767455188	0.461585076301
8.31357309279	10.7028591572	2.85515957078	-4.33765960814	2.77629009463	-0.871836549681
9.64958893858	12.0484294039	3.99096638456	-1.52083183762	1.88699929581	1.99223851484
8.08469718547	13.5189871392	0.0146794790463	0.958292256818	-1.05151672989	-0.170831630383
9.373023854	14.7596592553	1.46071467987	1.02486980034	1.31437044863	-1.22972451854
5.2991441545	11.0238080922	5.35454243201	-0.97784054234	-2.19314795933	3.57725402568
6.77256768167	12.0830602759	6.81153913493	0.626935514514	2.01024386036	-0.674624350522
5.60574113503	13.6458425751	8.08070621095	-3.8467722512	-0.00558194834676	0.504856039664
6.77307280795	14.9569758195	9.65738284039	-1.39344754579	1.76078045371	-2.09706190513
8.1194577178	10.9279925891	8.27719894272	0.432201922102	-3.26996158729	-2.18900810408
9.52592943368	12.0751002794	9.56335604386	-1.7396948185	4.17985469634	-0.541548709298
8.13954208248	13.4749224878	5.36495167246	0.743933837581	-1.50363940808	-0.501998894504
9.44827883968	14.9966440676	6.60908308238	0.764737476949	-1.66159238749	1.70373278814
5.50426008781	10.8710603363	10.7631727787	-3.08620024505	0.00567484550424	-0.214456424742
6.60284370362	12.1584353117	12.214893798	4.39753183001	0.625369497219	0.676057806209
5.29349321121	13.5850364823	13.5310099948	2.42126503809	-2.2215973557	3.06096724933
6.9692397693	14.7604372257	14.8676844176	-2.09222425869	1.52026173575	-0.344855608572
8.18940202365	10.7008166177	13.7752963197	0.689965707254	1.27719582235	-4.40931402556
9.68852323342	12.1106690055	15.0661974867	-2.52901232183	-0.136601295953	-0.142155830707
8.01412859523	13.7382683764	10.7571992301	2.8916291062	-4.13696910968	3.86477057801
9.63685002724	14.78344355	12.4170982733	-3.18984347478	0.935412450225	-2.67784160751
11.027160159	-0.160690177949	-0.194840546299	-2.16506284479	-0.0355985396788	1.93665197463
12.2311964799	1.17415478128	1.28640080642	0.304422046136	0.846423403087	1.29788926244
10.9778608165	2.81982648245	2.59506193344	-1.7114264621	-2.73427084028	0.386774663935
12.3905278761	3.94505518797	3.95682123131	-2.8932548984	-0.961866454001	2.0357833606
13.7433556148	0.0488561771169	2.82240284522	-2.587622342	-1.33221118495	-1.57028788414
14.7799141272	1.21373848967	4.26473457884	2.14631107997	2.07791652195	0.337361302946
13.3840024315	2.74391352114	0.0243904130273	2.97008930596	-0.910605931308	0.0765134152363
15.000793384	3.97927211096	1.43499519266	-1.40753771585	0.739420282184	-0.216271707413
10.977144966	0.102660958216	5.5920632472	-2.17143651287	-1.13627348583	-4.26873830364
12.3401462374	1.19982709872	6.78462096951	-1.87439927536	2.7927633335	1.3721470555
10.9533447002	2.67021621881	8.0632454016	1.38296179864	1.74250418629	0.813503329011
12.3899555743	4.25461702181	9.46192681173	-0.362527228389	-4.08374225076	-1.71169284486
13.4865064312	0.192894845762	8.255357025	0.961142069869	-4.47792350859	0.925926120308
14.9218868904	1.26783983303	9.66640006794	0.900618851258	0.52287941061	-1.66728857385
13.4305486237	2.64540667865	5.54185371787	3.59252913013	1.65986550065	0.430112936864
14.9631454137	4.25280747958	6.83822337631	-1.30411981241	-2.79787814479	-1.7072026017
10.7528979912	-0.054873300609	10.8929308443	-0.10809292687	-0.575883124416	-0.498663125806
12.1684345617	1.19823931724	12.1278941697	0.00609267256883	2.21410238302	0.877047271918
10.8507829177	2.79111045628	13.4238162335	1.71989250551	-1.95883783729	2.46878905712
12.184766919	4.03527604558	15.0674330545	-0.480574119942	1.47847800496	-2.08176332141
13.4504609895	0.144966908624	13.7457409431	-0.367743419216	-2.90548820375	-2.55972871431
14.9317912664	1.20842873719	14.8415156289	0.796772798056	1.89296247428	3.2993882039
13.5856171506	2.51860835258	10.8115419237	0.143290661652	4.03312405861	2.04515819131
14.9819806469	4.23480535276	12.2677791467	0.108046940701	-4.79264501914	-2.22690458231
10.7335295607	5.58202317683	0.139930142334	1.56944821998	0.221535900749	-2.86706178929
12.2755059243	6.90675278437	1.22091890802	-1.14473731204	-1.97678268745	4.76005798286
10.7538342439	8.27052300484	2.6172768778	2.69361493215	-1.07702405174	-0.57104774984
12.2481965197	9.50705959554	3.91131490519	0.762499704398	-0.785794343435	0.911297420909
13.4183994048	5.23142230448	2.86622850741	4.03710185583	5.0259836051	-3.33822594606
15.0189916239	6.98476033481	4.08975656882	-0.743068886291	-2.59557149709	-2.58294847277
13.5793177116	8.17843559492	0.131936557279	0.0895438475632	-0.0481134354319	-4.29621482195
14.8629242739	9.45296654056	1.22698875318	0.792560328794	2.15404118711	2.14191553708
10.9233486046	5.2385769756	5.23748614576	-0.673506035485	2.31125686544	2.20721579564
12.2645017722	6.89201517913	6.74945289451	-3.0633396735	-2.61893603477	-1.72089918579
10.8130094607	7.97074049532	8.29720014407	1.03693369169	2.54603981746	-1.51559406079
12.2270342239	9.64405486908	9.47097862534	-1.4506259775	-2.94276182121	0.48838738528
13.5464714893	5.57902936399	7.96074350317	0.539966980317	-0.587913563231	1.43897199986
14.8480550837	6.75462125134	9.39521296905	2.29634341084	1.13270663104	-0.0203597391763
13.5830919195	8.03211750763	5.3443591158	-1.00899259951	2.65299936958	-0.363277681625
14.7812642981	9.31064592184	6.86717361961	-0.370229360182	3.07492489784	-0.225181783681
11.0134450454	5.37296035756	10.697590979	0.229004427533	0.16996434828	3.54094615747
12.2282785986	6.61883911391	12.3491017059	-0.898768949531	4.13739489693	-2.34775104983
10.74515395	8.20758680879	13.7254110672	4.0072678302	-0.419037148111	-2.58455941166
12.1890836159	9.6542919433	14.9549248221	0.0482154497153	-1.56301459972	1.14690241511
13.588692366	5.31734365806	13.4072197159	-0.233661604118	0.920544372164	5.46130636153
14.9846312612	6.76736729011	14.941451884	-1.35404434645	-1.2038121026	-0.108925755939
13.6156594426	8.17606214141	10.7726766075	-2.24319096203	-1.16141167697	1.95905933901
14.8178218623	9.41798664615	12.3966843788	1.76887914782	0.054890366828	-2.2087276315
10.7064719894	10.6919076282	0.096861442544	3.41821393211	3.2305192977	-0.652068617559
12.2677483471	12.4064088571	1.18319588383	-1.83531481253	-3.31226852075	0.517207393526
10.8114604772	13.4520231462	2.68154122368	2.05510800187	2.17567976745	0.81925469813
12.3615889044	14.8791633232	4.1000790517	-3.71830044392	1.18493976742	-2.03049713856
13.5294971973	10.9360457283	2.59506087124	0.553282107934	-0.91600686917	-1.14576839433
15.0843967598	12.0345767118	3.91355507701	-1.95948533946	2.57231482119	1.59659650237
13.7597607227	13.4677310301	-0.081896149794	-0.779879002834	2.14103042011	-1.24502010364
14.8545797414	14.9753820824	1.39626099811	1.69506210327	-0.0608220048028	-0.282521874799
11.0481085525	10.8622966813	5.2937327482	-2.69724136429	-3.04563320136	2.09660284026
12.2283512118	12.0533673386	6.78481524328	-0.402140585286	2.61605458047	-0.736024343588
10.8234939437	13.4455238343	8.06580823036	-1.30786662832	1.11801473196	-0.275841673464
12.0584579013	14.7824431707	9.62032735399	1.2200582799	0.657584715155	-1.25525187778
13.4032683305	10.9049441412	8.24306047809	3.84926003651	-0.978608528667	-1.53613244287
14.8720566272	12.3099716459	9.52352511923	0.571113903578	-1.57460313124	-1.01772574151
13.4106957078	13.5717584548	5.30120054151	4.85972549525	-2.77613885189	1.60135202962
15.0459055475	14.880416313	6.66283269657	-1.95055733391	0.712328636007	-0.592960751395
10.8491532177	10.8998691559	10.7284902005	0.150599996074	-2.20419766853	1.58871414455
12.0586875487	12.0708407724	12.1680150135	3.23949824568	-0.105827546062	1.66648666612
10.8365624328	13.4154281941	13.5924501778	0.700191965589	-0.774515492538	0.15062069441
12.0431121453	14.9267800816	14.7619103095	2.85986257903	-0.941959828965	1.17119589047
13.7120096204	10.8072702989	13.6628621817	-4.44397650127	0.557348220336	-2.52883032361
14.9011455145	12.0793335664	14.7526634087	2.60841630664	1.80577573336	2.01791421029
13.54297877	13.411273641	10.8821661997	-1.05732295796	1.61086187043	1.22349720193
14.894454654	14.7692971105	12.3138135193	-0.674490464483	2.32495656232	-0.738455815563