-4281.6917463
27.152488853
-0.0184400476426	-0.0293354716892	0.107023760724	-0.528311860978	-0.0679503155321	-1.55953900859
1.44476745248	1.31602868436	1.24163553036	-1.13424809447	0.303470142872	1.86506872197
0.115304039442	2.78920315515	2.6093883362	0.65749211789	-3.21591959484	0.024348791981
1.26983372012	3.88600855118	4.00797122058	0.424387234074	3.31274672078	1.82201242185
2.65099352872	-0.113403045681	2.69161868984	3.53180710177	3.86404759529	-0.400826200791
4.18347373866	1.42413597016	4.11135235032	-2.98611213709	-3.55199017723	-2.53539495869
2.57106754676	2.8832083874	0.0453332238454	3.17231802692	-1.78683516513	0.0409285761496
4.01847352198	4.1796342588	1.51387239427	2.10087877174	-3.96294195211	-1.03636382257
0.11336410758	-0.179134957907	5.60076833987	1.17783892581	3.67809324101	-3.01952196234
1.48882194973	1.36188706731	6.94468978471	-3.66241053131	2.1453618338	-2.00320439486
-0.123699070873	2.77452124738	8.3324376315	2.64270582036	0.561993877477	-2.83974329431
1.43674212195	4.09124807936	9.70090860265	0.0811016441332	-2.41535733263	-1.65405838331
2.66814963475	0.0911941472228	7.95410451531	3.95628366836	-2.79090696601	3.54766881113
4.21532198727	1.49974128541	9.47606114963	-5.70448422852	-1.45783100293	-0.82175898629
2.75319174324	2.56259475855	5.28238693394	-0.289070716205	1.99806149086	2.67923861655
4.23822959088	3.99640275165	6.68852256514	-4.82188196171	-0.00569433589488	0.594214720968
-0.0440592554924	-0.0772125108527	10.732235685	-0.564267049567	1.10281932951	1.3285067626
1.31256352046	1.20637069891	12.160910557	-0.880360546477	1.90635071342	0.501378265009
0.0901728236232	2.64590885769	13.7174416892	-0.288941632639	-0.398628981802	-1.62610382007
1.21843363874	4.09537612767	14.9985122322	2.54413962623	-1.34492643055	1.57719187377
2.56845119805	0.147038150308	13.6293058535	0.817294791771	-4.58313084488	-1.92141690215
3.87844158383	1.24472010184	14.7861274451	3.23363252543	3.25847797623	2.31591796096
2.73486057064	2.66591387418	11.043209156	-0.337103318832	-0.903137833757	-2.99220115218
4.13952438046	3.93067614643	12.0799692028	-1.34880991511	0.703668069455	4.63010290066
0.0142444039903	-0.0626776670213	16.3737756897	1.47332995236	0.546246169404	-1.04797512721
1.39239958311	1.39172872257	17.6652076752	-1.81711822531	2.0013797919	-0.489646003896
-0.0549267486381	2.8331352399	19.0652389149	-0.088371083588	-4.4164118032	0.496191078563
1.16201737099	4.00633216631	20.4719900566	3.00553599685	2.92928668729	-2.17623838212
2.65191914525	0.171200187985	18.8210096282	0.174979433358	-2.9584227186	3.84626572561
4.00527430329	1.44442079782	20.3471831345	-0.45343742243	1.4826020969	0.721167135716
2.84497010546	2.81006432263	16.4024777583	-2.29186267321	-1.19083409609	-2.74349148233
4.13270221469	4.09941882654	17.657402056	-0.161327387414	1.10013719782	0.443138882803
0.0420647660758	0.139640035216	21.7804641971	-0.476694878065	-3.72382248636	-1.5238557879
1.53491555835	1.2415891937	23.1114599962	-3.00262549776	2.67504131777	-0.695887926591
-0.167998931446	2.61126010907	24.2921537122	4.75024384976	-0.690899275131	1.80074226249
1.22614027133	3.94957646493	25.9073203667	-0.340186947913	0.966124857674	-3.53552172991
2.58772085294	-0.0824638833904	24.323407753	4.48343430897	-1.11909694722	0.918947581357
3.91426072996	1.31420602162	25.8291683591	1.96534110257	1.10438410773	-1.6051742609
2.53993726894	2.89625721982	21.8380956104	4.26132447046	-0.874078519647	-0.020877812197
4.25865721055	4.26028871464	23.1579743121	-1.51262476357	-2.49113498617	-1.3884849754
0.0521833822041	5.24201771345	0.190285211102	-0.0719296146729	4.01028438753	-0.251481617876
1.41394000896	6.964323705	1.49828570311	-1.74581079227	-1.35058680566	-1.23194246619
-0.197656436267	8.34258283353	2.74069206788	0.39258339286	-3.26674627725	1.00302949178
1.37921133091	9.37798750138	4.01776061271	2.70064143601	1.00638058265	-0.155223594866
2.6853344031	5.26964131046	2.69311821226	-1.25794385546	3.30849009508	2.62074362411
3.89793271177	6.92710870597	4.13186912837	3.31252379129	-4.6474273268	-2.78633699101
2.58633910541	8.26057096978	-0.155717697897	3.12279704462	-3.17705128324	2.25568997494
4.00206153614	9.38925445794	1.45311717493	0.989348148986	-0.630446209559	-2.04159271771
-0.174589904374	5.50312315985	5.38418806749	0.754582240979	-3.91477524829	-1.11686791105
1.21293480349	6.61412211046	6.64461202941	4.32003852772	0.297524766515	2.00402369374
0.168014527265	8.18469653669	7.99086389222	-2.00112334396	-2.38516249428	2.59028450425
1.25146549718	9.41721903544	9.63583291102	2.19304629645	1.68453260807	-2.15625372049
2.846686497	5.31661283304	8.32883221763	-1.25940234059	0.606061147832	-3.50037916063
4.06149037221	6.81453391615	9.58550344271	2.99943569946	-0.232378995695	-1.92935191892
2.90067204465	7.95376723078	5.40027822666	-4.1661524654	3.17965818534	2.25830429011
4.26735961067	9.46569564223	6.72410445785	-2.94621418994	1.57061655316	0.48997851186
0.105666056672	5.27704179991	10.8410504809	-2.26760630133	3.03932546638	1.53849302057
1.42162720188	6.72266291397	12.2742115943	-1.05265480902	-1.04766552625	-0.462749063266
0.13867423007	8.00917537757	13.7514027431	0.259629269905	1.62099441951	-3.41466009617
1.39341946551	9.46839688154	14.9248610211	-1.44630750267	1.22352404082	1.50431972602
2.53775274737	5.24070227102	13.6286655941	4.23501170812	0.514384592728	-1.33357645834
4.0391194554	6.77242213143	14.9205982945	-0.280560487047	-1.07588156752	-0.625553243999
2.69315257545	7.95043321893	10.7945462572	-0.131882334242	2.54680788814	1.74098211071
4.12626914502	9.43360192774	12.0706727607	-2.18380629032	2.55448636316	0.339281866584
0.0789277911865	5.60350821026	16.2059253308	-2.84206591385	-2.75049207564	1.96942761565
1.31516387729	6.91608334077	17.4912192891	2.63498984178	1.41019180821	0.852334730363
0.198696208051	8.24412679744	19.1495155446	-3.43059308049	-1.87666062262	-2.34883964666
1.44414188509	9.4820032385	20.428478848	0.119320230143	3.10297136644	-0.534801084752
2.677775688	5.50984677978	18.8992292121	-1.71470838528	-2.19822784011	1.10887630919
4.1617754114	6.65731562593	20.2322786754	-0.328343817539	0.864256223705	1.05886714805
2.88216899428	8.34216885131	16.1740825371	-1.81987056245	-2.3358845547	1.04872009236
3.95001722555	9.37709257582	17.8438643727	3.58173124702	1.26978095346	-1.12479326811
0.132290930214	5.56553946744	21.6547569509	-1.82005544587	-1.30707252406	2.21936520527
1.55209756041	6.70133948496	23.1866584557	-0.688931996824	3.79474801188	-3.18088575844
0.169229919869	8.21502058762	24.46647817	-1.348510405	-3.60989341621	0.779978199032
1.39133237179	9.39783481854	25.7841274182	-0.873141409163	5.44383923956	-0.635389668209
2.63457007878	5.40026680589	24.4136731322	0.754571369572	-2.267284401	2.96207384533
4.06343727367	6.62791297165	25.8505606056	0.409610703056	2.42108096925	-1.31794226442
2.88474550067	8.19714672072	21.5321929076	-0.480152461981	-2.21866136165	3.12012194321
3.99950981365	9.51126974323	23.2185629343	-0.0730462138652	0.873141570244	-2.84575846853
0.179068766356	11.0274504434	0.102791557256	-4.01356971426	-2.10148338379	-1.97798401816
1.38257451857	12.2577682655	1.44453275673	0.901198644371	1.1753108148	0.830966821548
0.0657029422339	13.765588655	2.85637986243	-0.758631743958	-3.10188790953	-1.37914859512
1.30769837038	14.9830097666	4.12313176258	1.57363931894	1.72728306764	0.389869245927
2.85203244848	10.8643369652	2.59773869902	-2.36254463336	-0.0611036819985	3.35414396986
3.97710951911	12.3117961959	4.18800954074	2.04383165893	-1.56485703182	-2.43616211834
2.79781917649	13.4618080847	0.0405364387143	-1.18115798475	2.17624151616	-1.14207574304
4.01726517934	15.0415843125	1.37575424602	-0.458585269468	-0.724483968368	-0.315628870444
0.180792558656	10.8223046425	5.31699372656	-0.720285465648	0.309120836206	4.5983431595
1.44136904337	12.3907019314	6.9622973852	-2.72422263507	-1.44026687535	-2.75061142235
-0.106802594116	13.6066421564	8.31648589119	0.867480864391	1.89851133544	-4.13939979712
1.42364507241	14.8369137947	9.37437562747	-0.974820694788	1.45528087737	4.06347328552
2.64364874618	10.9416496139	8.07274668704	1.44230152321	-3.44564408053	1.64883436323
3.89507228827	12.416352881	9.46452713115	1.65729504662	-5.15815531683	-0.395832269073
2.70166689476	13.5990196192	5.43077758479	0.362053722335	2.08810657609	1.85252035985
4.24635146443	14.9248111248	6.85412096744	-2.70781537524	-1.04993645954	-0.147347033763
-0.0232978614527	10.9651043324	10.8621109575	0.945502230297	-0.803989298415	1.11958368304
1.45338566559	12.3465555895	12.1115068015	-1.93112261457	-2.27331955148	1.52654770837
0.125453558551	13.5352183873	13.7144036568	-1.72597316726	1.65061599739	-0.563452711744
1.48063268492	15.0164509157	15.1179917973	-0.690150474949	0.169358724578	-3.14556145915
2.51833188729	10.8789016454	13.6840435463	3.40412426558	-0.100057891684	-3.71805691443
4.08159299194	12.3481171195	14.7656340996	-2.32034854086	-2.45202700835	5.59668156209
2.75693652046	13.3867448773	10.7288842536	-1.02127848254	4.64135547047	0.890765219832
4.10343035558	14.8348890147	12.0486569666	-0.918909335861	-1.8137220889	3.18786884243
-0.0807019801633	10.9905424805	16.1503699063	0.720582387231	-2.98128164808	3.74018033613
1.26089793856	12.3733448035	17.7207963779	-0.777518848902	-2.65386038785	-1.38707378503
-0.112413046778	13.3860751026	19.1812589527	-1.0068629953	3.82447463927	-0.831565299445
1.47459036356	14.7568092834	20.4507116696	-3.1272754256	2.49657341696	-3.19725724103
2.70928142762	10.952231316	18.9239025524	-0.703925370257	0.147555762066	1.41805149787
4.136181805	12.3990769827	20.1937906753	-2.5728415329	-2.32600872689	3.73002335088
2.57030133105	13.6611740202	16.4041535363	3.34460923605	-1.50593669877	-2.05229464445
3.98284025902	15.0458458586	17.5428336131	1.86553093132	0.324766272352	0.51663935414
0.028615068575	11.0530758392	21.6560980599	0.0273489446301	-4.24279866083	2.70222800728
1.53888237846	12.2724687769	22.9261387195	-4.86180075515	2.58487123678	0.863731531376
-0.103420979882	13.6542010051	24.5158742474	3.57814761579	-0.644570508421	-1.81552841984
1.1936924806	15.077631388	25.9754019601	4.36328414459	-1.89758126518	-1.98360299524
2.53916605893	11.0501052982	24.2538601692	2.87022676275	-2.29925884671	4.56129600679
4.26307731369	12.080004162	25.8494258926	-3.33477797388	0.719313338408	-1.64561602399
2.58973738073	13.7353523551	21.6640543513	4.73362791735	-3.26983635653	0.216441158344
3.89727584491	14.8947051165	23.1716199594	2.27101779564	1.01352441071	-1.79001622019
0.110253162648	16.4796546029	0.0908783093241	-3.33487365349	-2.13127780106	-0.302147470448
1.3381494681	17.6271110947	1.25409433481	1.56160756463	3.10392642226	2.83924435069
0.177302114402	19.1281706318	2.83783299206	-4.69944925613	-2.98494926919	-4.37492013966
1.26169468654	20.2917094893	3.93856921152	1.58263509722	2.24031472609	2.39340125687
2.62441210265	16.3652949445	2.67678602693	0.688834002547	-0.311318799714	0.865257096197
4.12950653918	17.8314270912	3.88631995661	-2.01413503313	-2.5563778518	2.84773286522
2.80101857906	19.0700990745	0.0687388821506	-3.45048185195	0.738837534057	-3.04325850729
4.14607314194	20.3643200084	1.19384260123	0.171515085464	0.999026779056	3.50550188246
0.0251044167531	16.4912046541	5.38986566002	-0.289268189899	-2.55281033281	0.803143996477
1.30897504907	17.7092753252	6.75601394728	2.33371475895	-1.01034166241	1.58604776341
-0.153380904114	18.9119775031	8.11241748606	0.379984475063	1.82555201284	-0.903178695894
1.20998171952	20.4283275836	9.39693630712	1.0559290452	-0.972044207052	2.20485688983
2.84282508235	16.191550207	8.24667179885	-2.30132608662	1.39952329413	-3.86590590143
3.96073414617	17.7533137299	9.3185303716	1.82260838199	0.476225639163	4.02243013166
2.55263801848	19.1251785664	5.27248046159	2.51685714729	-1.14156343273	1.09010857671
4.10788554649	20.4905917952	6.60397497761	-1.35258548785	-2.12850322367	2.84336300516
-0.0445192019122	16.4306145572	11.0445158815	0.991687668169	-1.35082604084	-4.9865824207
1.39856542608	17.4734415698	12.2742190885	-0.264886743302	3.29960152586	0.0665629632866
-0.0481567043066	19.0645684751	13.3892127583	0.784009154872	-0.658213027197	1.70263869015
1.21224459293	20.3630328239	14.9986366341	0.199580668118	1.9788567943	-3.86290434732
2.81468685382	16.3570699809	13.4547239249	0.0657726604241	-2.38492889894	2.57664989874
3.89049442615	17.8420407779	15.0214271378	2.51467273149	-1.59857810548	-2.580047842
2.7045334527	19.023903767	11.0461938292	-3.54466781214	-1.64275341241	-5.50776985904
3.88558438897	20.2044936259	12.0336703794	3.9375825598	5.28045558919	3.40246409651
0.182428082429	16.2734377992	16.480292152	-3.5730737485	1.44633868911	-1.82667389331
1.52276420191	17.6690279134	17.6237169713	-1.72866303664	1.35906538359	-0.722789486023
0.177728147701	18.8244158223	19.0910478501	-0.0719984714006	3.6451201733	-3.0265881536
1.47285755595	20.5014333284	20.2000586715	-1.74921627565	-1.32362737097	1.45074906713
2.52133979458	16.3001825882	18.830562206	3.31087269306	-0.637367721915	3.5728284758
4.06590721894	17.7208619935	20.2567161284	-3.50754609376	-0.300916751785	0.658895668647
2.5336917209	19.1710281119	16.0963727051	2.37478935659	0.409234036984	4.15134561694
4.07904027617	20.5345997428	17.5814076349	-1.64470416946	-2.94736277538	-1.41996286416
0.195545895062	16.1747984343	21.7563456108	-2.30389300295	1.90379676938	-1.76578781703
1.17757962225	17.6991008573	23.139021314	4.12929619754	-0.323120890965	0.420711222796
-0.0556277249492	19.1176744654	24.4582506466	-1.95426460007	-0.0761639110286	0.312587239659
1.17440398934	20.5542110228	25.8088274637	3.28947896665	-1.77553182556	0.608474346363
2.90600673349	16.2998388243	24.4848988158	-6.55162430881	0.411592826192	0.0454886690945
3.95198177396	17.7666313364	25.6576601996	2.51989343094	-0.231866070769	2.7012920492
2.58404661526	19.2050712522	21.7448081405	0.546852627013	-3.65717875147	-0.982789948157
3.93533139803	20.2852875328	23.1407979089	4.66483737092	0.290940139078	0.0177332276399
-0.186329162598	21.8781785945	-0.107041085618	1.60406614187	-2.26506082231	4.12671936197
1.2544980121	23.252072624	1.27148961988	2.11641190541	-3.96696009271	0.651827397511
0.19784230999	24.4043926042	2.76400465985	-3.52766179893	-1.33695433076	1.91557741609
1.455238456	25.8206441247	3.91340963436	-0.328197472921	-2.1424347434	4.18971062635
2.6583375054	21.6590667258	2.81931018548	0.659767832345	1.5834407302	-4.56231425897
4.18833920942	23.155548131	3.89293160161	-2.49713460017	-3.04365084333	4.06123485385
2.77153077905	24.3749814262	-0.0531388205207	-0.0682327274225	2.28017260805	-0.967535504032
4.11436944508	25.9460241453	1.18663330185	-0.319989708458	-3.04107416176	1.45362400875
0.0131180473962	21.5256928918	5.39136637452	1.11751765185	1.49837540519	0.648282027593
1.36107925807	23.060482725	6.69381742841	-2.83010780528	-0.454992204748	0.0941726878206
-0.099249555003	24.3887022448	8.02295322854	1.28416497594	2.69953117669	-2.12982187117
1.17326061896	25.8478426755	9.39646192624	2.15310869576	-0.575257421312	-1.82770796469
2.52608623171	21.8466175036	7.97712437103	3.94082322266	-1.51888309588	2.49683158996
4.22604499093	22.9037879778	9.66396230655	-4.15464024842	4.68517857999	-4.87114362942
2.6957199534	24.3068507858	5.53799974824	0.966581814066	1.50501802985	-4.41839660393
4.17928888426	25.6199141482	6.63571995492	-3.14161224586	3.37247994327	1.15490458412
0.0400709561516	21.8517128022	11.0331495148	-1.59974895104	-1.01962758272	-4.54354356436
1.40476458976	23.0389991237	12.0564118645	0.265098339519	1.58175287134	2.0950122382
0.0394330167026	24.309144058	13.4175440595	-1.63733743509	1.98692266687	2.15644389422
1.42343816954	25.7340524053	14.9872877473	-2.04623616937	-0.0694545572779	-1.70860193029
2.67208784944	21.8908377489	13.5714433854	-0.763464857619	-4.87634285469	-1.28228288503
3.99380333147	23.1342987225	14.7591220629	1.1235890092	-0.141032347363	2.42906977575
2.53774393897	24.5105176643	10.7791938322	3.01884889412	-0.590523598853	-1.34265590564
4.02946216779	25.9375327879	12.048579542	-1.43027283604	-1.31624147587	3.08831986288
-0.0929199395416	21.5961392951	16.3730084138	2.43538676375	1.76579856117	0.437870121953
1.38496161195	22.9885571736	17.754768809	0.417905176488	0.520720322912	-1.68872373604
0.0752964805925	24.3572563348	19.1954930842	-0.735424042811	0.289246332255	-3.94509759146
1.32569395093	25.6580384412	20.27468151	1.30272908849	4.27633965437	1.91257044019
2.90674042881	21.6673252072	18.977323811	-0.378208303936	2.55342223837	0.656370843781
4.26698825951	23.1078346749	20.3500219554	-4.3162906958	-1.70161539693	1.72075172938
2.79789407586	24.4175594297	16.2296861607	-1.83676137194	-0.85344707842	1.63114779506
3.9770119716	25.82543394	17.6387732596	1.05098789499	-0.495490324346	-0.213760851438
0.0552661100917	21.5970131911	21.8283150587	-0.391588226319	2.70515357232	-2.95578098694
1.46298514707	22.9741544142	23.0868653693	-1.66586609185	-0.714509350989	1.86337301611
-0.159656971031	24.2533393079	24.3826603811	3.11912742883	1.29769393235	1.4753973595
1.3826176127	25.9003203964	25.7584097052	-2.49333170131	-3.73903806494	-0.000745960853411
2.89604058526	21.6885909205	24.5061248364	-2.79909428071	0.331994856482	-0.0438320140986
4.16645170585	23.1528383014	25.653270392	-0.806955084945	-0.920431444957	1.55878224336
2.58696293678	24.2838489271	21.7597193942	3.17543301893	1.5285681788	-1.48296751122
4.23259608317	25.5950343707	23.0741884552	-3.93480678423	2.9496635732	-1.66085483074
5.5940703397	-0.111575010844	-0.182877669381	-2.47733948133	2.32556437526	-0.0880152900087
6.75459990323	1.20332324556	1.178583335	-0.390958506623	2.65757348557	1.7015606531
5.48973794778	2.56926831194	2.84072950935	-0.388271864196	1.90288213452	-3.18245342652
6.71386505667	4.0072198499	4.17213356485	-0.0685169138844	3.67186407933	-1.23252876405
8.07371149638	0.16515257787	2.690039444	1.2465948635	-1.02811564858	0.349097087343
9.49376480536	1.20840412499	4.26163744451	-2.02039833534	3.23446867462	-1.85646094671
8.02333628904	2.85202702306	0.10169207249	2.51785800697	-3.08251985527	0.282117041003
9.64224492422	3.89753094483	1.47602435541	-2.02114932785	4.71744402788	-1.5021975013
5.29928436839	-0.0612740004151	5.29444683066	3.60888418827	0.310456256158	1.05763340171
6.69141638589	1.49406289778	6.73784463382	-1.40431144287	-1.54387693889	1.09109837059
5.25749829638	2.87400996664	8.25400302482	4.77130830829	-0.246857213107	-0.741384700064
6.82136885429	4.15781710061	9.59748288178	1.29667361569	-1.48560481502	0.487311689338
7.99041330681	0.030160154297	8.26811104362	3.66927038932	1.81721217168	-2.67551160717
9.59130487712	1.51026732218	9.51850457818	-1.47391288061	-2.39979334408	-0.485385620296
8.09113657682	2.84956156014	5.44328358357	0.842097378271	-2.83877474763	0.319843085911
9.54850637595	3.9093074787	6.79820374307	-1.16232251245	1.98050687468	1.29142021093
5.25468779321	0.186988124171	10.7960726145	4.62946981048	-1.77754056005	0.766060425532
6.75529981737	1.32593900616	12.3800249391	1.98100392576	-2.40198225522	-2.62388839573
5.52212717597	2.53518804305	13.4524598031	-3.03449341913	2.05216426594	2.50641701298
6.67461069404	4.18228867698	14.7713013936	1.77433075241	-2.67167702426	1.9942768746
8.18908545952	-0.193936238029	13.6347153156	0.175254695684	3.73535277443	-0.252723040475
9.63798321046	1.22567213206	15.0235590713	-0.719410675675	0.722756236296	-2.32397734343
8.2887205225	2.60892649171	11.0507215731	-3.10174894735	1.43141617816	-2.12155271812
9.503865944	4.08372281307	12.1130026016	3.7926989232	1.03804332512	0.780508255384
5.37385339445	-0.0284661841793	16.2214445085	0.116517769806	-1.22345886199	-1.25460014999
6.68864741016	1.20389488962	17.6601040738	2.01808374856	2.93198463821	-2.00741021321
5.47095956868	2.77533132063	18.920803171	1.19313122939	0.398970646945	3.1670618815
6.95211961472	4.23201125171	20.5132928444	-0.977746133623	-4.25702737077	-1.9227238641
8.33483445735	0.0724550237833	18.8311638314	-3.76498573325	-2.86925508609	1.36457356016
9.36192816336	1.16191044485	20.2699965745	2.80821710887	4.84269610211	0.471677889626
8.34453079255	2.69140491087	16.2440103797	-4.4682838594	-0.617904769789	-0.20601655306
9.59262195216	3.98287428061	17.612720007	-3.10801238189	0.902248881803	0.62305875744
5.43867921212	0.159609465222	21.8098368626	-1.77113504736	-4.02389167927	-3.61466516531
6.63102798859	1.23289239086	22.9528802329	5.46096382095	1.70148094993	2.12720443854
5.63037466457	2.66044014291	24.303530613	-3.49479097474	0.119068604587	3.23333624442
6.79060562511	3.98899234412	25.9787504013	1.1470144786	1.29053163926	-4.26510980392
8.19699686294	-0.0559075135793	24.419095661	-0.535597516148	5.75924560434	1.89641821009
9.68403055015	1.48607553219	25.9656765421	-4.29958075236	-0.163765129506	-1.84468536929
8.31537408828	2.73708455388	21.8592410989	-2.73574875645	-1.97552374287	-1.96290330882
9.4630529583	4.20181362357	22.9695861747	2.86325011878	-2.55169042552	2.10989678352
5.4915935394	5.26120204131	0.0576396428105	-0.299293999283	2.60096836779	1.33527073098
6.9763203423	6.67332905186	1.45521293855	-2.10549832414	1.62736379824	-4.11170652999
5.53331124301	7.97654644745	2.6437759877	-1.51894793106	1.45679177219	1.80809560952
6.69970783988	9.56503685001	4.05479995713	2.06140855978	-2.73113973295	-1.03423916742
8.04787440548	5.60772961243	2.71854143949	1.93838145259	-6.96303289181	1.190500367
9.43356228146	6.61075926564	4.05599135011	1.54469388598	2.00768276978	0.12067436108
8.31453585701	8.14377214526	0.0181369515312	-1.88824372079	-0.95531506247	0.27926604657
9.52021206294	9.35844536659	1.53070986727	1.74574626874	2.50056895356	-2.60581402776
5.29593459757	5.49489938032	5.59870159076	0.862168134441	-0.029165571318	-3.67845674207
6.63907472246	6.68549029522	6.90230624233	3.76509922118	1.55993530851	-1.32504686116
5.60384260582	8.29895208272	8.103696971	-3.23620048516	-3.15542981209	1.12729364872
6.60809229333	9.36144133344	9.6503836239	2.6627160356	3.0006759778	-0.632875552748
8.2958200376	5.49492951449	8.15782556379	-3.01690080669	-3.22318341782	-1.46507882856
9.35501145962	6.74191342935	9.32153989625	2.24228457909	3.35879215981	3.3722693388
8.21437933357	7.99190623849	5.31973288602	-1.98126408561	2.19464650479	3.33999472862
9.66484208833	9.40578431567	6.93788747593	-3.83400426695	1.51999072891	-4.94624636179
5.37673067543	5.3653509292	11.0240195219	1.76296548659	2.64586651556	-1.77157294784
6.96362666438	6.93019409415	12.123750884	-2.2426571762	-1.80469798108	3.12692089531
5.33100190017	8.23802056841	13.5699775477	3.13803543085	-0.989665252899	-0.541158194618
6.97051755899	9.67633163827	14.743308309	-2.40517063335	-5.18340454699	4.05754506858
8.25372581686	5.31995217501	13.5380355698	-1.19178534768	2.93782394331	-0.303296923508
9.47470269251	6.84264274415	14.9884265188	0.709280955095	-1.98839199548	-0.802349063141
8.16667462121	8.31697203561	10.9067158193	0.0451728601763	-3.50658905716	-3.45301764688
9.41433735715	9.40804464067	12.0964536407	2.64605893138	4.33407712529	1.02651784811
5.44043173058	5.47008337911	16.3550355031	-0.819701009038	-0.0932676139003	-2.16266385111
6.73694134775	6.86058248965	17.5195626859	1.60335941243	-0.872064445122	1.6071372606
5.57138624617	8.00945053831	19.0931410053	-2.40156522157	0.658016790695	-2.5470016408
6.68177979002	9.49399304444	20.1906400469	2.631102309	-0.143238274297	2.26244616839
8.02704483477	5.29232830663	18.8395061925	1.68765608544	1.83592778912	0.0710107201189
9.4344391485	6.60061033081	20.4286861632	-0.957472173434	3.55453395484	-2.62813699147
8.33897143688	8.12389064276	16.4306283921	-3.53871850511	1.24654990241	-3.59829869071
9.59109637037	9.34067769587	17.5664253528	0.646544223064	4.67519414494	2.57712793116
5.54234801075	5.42345747712	21.6157294708	-0.364418324542	2.0718992212	2.15803478518
6.8063932767	6.89697687172	23.127004825	-0.181160761323	-3.22286680824	-0.684641631476
5.38943638949	8.14917875383	24.2541972289	-1.0050910239	-1.87136282655	4.17787079172
6.70255929754	9.30476892327	25.8298878101	1.58077674432	2.69041995066	-0.448974937191
8.28383939656	5.34123861619	24.3650431789	-3.27723078943	1.86426551451	2.58088251478
9.55584668388	6.98745770667	25.6446693259	0.379441221522	-2.64411984859	0.720647560972
7.95895740194	8.15058187246	21.7953940803	3.30927266266	1.26187883161	-1.89068582623
9.54414880799	9.63075471274	23.0589135763	-2.46402480733	-1.49432418172	-0.206615661037
5.37616990861	10.7341429627	0.100164128954	2.00790738501	-0.349267116048	-0.0629135730442
6.84097696448	12.3102228304	1.29447856173	-2.61774668342	-1.82987418318	0.19797923811
5.34273823339	13.5591657207	2.55674823707	0.975377827565	1.40102711138	3.50348289223
6.75775616989	15.0216849743	4.15150317308	-1.51820523563	-2.55573647057	-1.19810043862
7.9904288502	10.7912847297	2.52074980584	1.80802625684	1.30200083179	3.02059143738
9.33577447336	12.2972836006	4.06569586055	1.74923747333	-3.03202071871	-2.26987329414
8.10754809293	13.6102773096	0.177946375465	3.88436494341	-1.34184448281	-2.86360804152
9.66860846816	14.9913214599	1.28131444909	-1.83395643101	-1.63771251507	1.25314795109
5.50025228118	10.8568150001	5.34319962786	-0.976838807671	1.25283303658	1.50952999788
6.88702429999	12.1125533224	6.83744314388	-2.72341201338	1.15930524473	1.10464187612
5.29244199216	13.5111434936	8.33274605344	4.80652614457	1.01636516276	-2.39784642662
6.91443134322	14.9698314445	9.54297707294	-4.66118403422	-0.847074583453	1.63342735982
8.32882093943	10.9425027187	8.18131520364	-2.15837127428	-3.05355297279	0.173603834672
9.42872533091	12.2578457487	9.43350262828	2.30154772111	0.36278774755	-0.208493526884
8.06615952838	13.4298302037	5.41068472968	0.887591165703	3.96648595804	1.58365231015
9.5827093149	15.0349507892	6.74650736588	-1.40009507327	-0.837262857393	-2.18269627684
5.51267661823	11.0379126637	10.7224539269	-2.26670764706	-0.534068402183	1.16667040663
6.88476062247	12.0213803582	12.3716099192	-1.29907479184	4.42031817574	-2.39210907483
5.36731388143	13.4642677838	13.7150564487	2.67423898828	2.59392703124	-3.98490443584
6.7677471834	15.0011559071	14.9657985038	0.31693323308	-2.52543048046	0.0819658760726
8.01147746885	10.7368137125	13.5781897576	6.2209213695	2.54855135439	-0.244638756994
9.47509079143	12.3441590949	15.0834047197	0.172463858285	-3.64217321896	-2.59631665759
8.2496404072	13.5641004623	10.668134297	-2.16029352878	-0.720988045495	4.33977105863
9.43173515984	15.1321667068	12.0601338539	0.996958854112	-3.06053009341	2.41543495897
5.59370436596	10.8865122249	16.2183128468	-3.26750192937	-0.516647066918	-0.564756135296
6.8888346269	12.1150678592	17.5561500902	-0.884347273133	1.49124183592	3.52186168543
5.27359263126	13.7245590062	19.1353109805	2.48792116853	-0.153327445482	-3.96168225944
6.73078579653	14.8342103071	20.5130338696	-0.408292807369	3.52980317944	-3.53442197023
8.2823256736	10.9702594177	19.1957386686	-1.34109767156	-3.44861136441	-4.63780412578
9.40949032339	12.194950522	20.4122841358	1.05130495326	2.29655350258	-0.0365487503047
8.1460890874	13.52384978	16.4084988707	-1.11637897959	2.24972545732	-1.68836693657
9.38561403338	14.9913163964	17.6083085691	2.8810686654	0.146362537967	-1.36098449273
5.35889516253	10.6809843167	21.5522096806	-0.553299885948	3.22915344479	1.55188918032
6.92291922533	12.3558696414	23.2097004044	-2.86857484644	0.188176367421	-1.1771005015
5.3499591579	13.7360384089	24.5659498406	1.74069675651	-2.25330582544	-0.640600362591
6.89574206662	14.8430160492	25.9476060446	-2.82417835904	3.19692578724	0.361982280675
8.30444962847	11.0597417318	24.4940189899	-2.2289183734	-3.74967055382	0.235127866914
9.6152558077	12.1166174148	25.8418296548	-0.558714297909	4.04854228833	1.36927037379
8.02628727375	13.680396368	21.577701347	1.64910436979	-3.02626176694	2.58726236072
9.62044139324	14.7487911835	22.8968889574	-1.41378217414	2.95475873843	2.01726823782
5.32015290994	16.486291356	0.165412147782	-0.426478152025	-2.87237198394	-5.01990254845
6.72073163296	17.5068560915	1.21747702233	3.76154959788	2.0839611011	1.21323373827
5.51641161444	18.8281028207	2.5736019899	1.3748899809	4.87339516541	0.532638427445
6.90496272957	20.444133539	4.08435193627	-2.79357605303	-3.55478449668	-2.11151826672
8.13975809575	16.1044524729	2.61170590307	1.05951574204	3.23242977915	1.44409099269
9.68967451467	17.5807387446	4.2386940522	-4.43325547464	2.47994320699	-4.37040811453
8.1222790866	19.1972377827	-0.0465366811643	-0.858401262104	-2.897530274	-1.051745417
9.44023454806	20.5190404373	1.31003705131	0.25736908625	-2.09752125084	-0.010659918722
5.31779392028	16.3378889944	5.53243354963	0.381804895445	1.32045635741	-3.10887875886
6.8291614061	17.5988429628	6.63936871959	0.236634061667	1.02407193992	3.68971892538
5.58730066572	19.1457236141	8.23372937258	-2.34031267172	-2.04970093607	-4.4346480695
6.8624855511	20.2205822162	9.53353265098	0.487575073982	3.74213637577	-0.287191541507
8.10450479593	16.1287469507	8.26403450776	1.05950135166	3.29629468597	-3.42551511414
9.67719880361	17.5133263087	9.40334954788	-1.92388516123	1.31336637024	0.339585234444
8.09297920832	19.1981806669	5.40656335698	2.11471572823	-3.37544424969	-0.077768283067
9.41882802852	20.4362069224	6.78525481785	1.14104218142	0.946807186019	-1.07366149754
5.23659571415	16.3028122833	11.0219626441	1.47006900424	0.579993691639	-5.76321811773
6.75321385225	17.5531859309	12.0560506265	0.0657214721525	1.77091509559	1.85360452329
5.44225558606	18.9880405341	13.5092013387	0.531606277025	1.5114316952	1.1989513695
6.96417220112	20.3903529	15.1329066511	-3.25724681942	0.614793593451	-1.75020834484
7.98036316997	16.3583232075	13.6005588959	1.04227739516	-1.09021250948	-1.67208489252
9.30513828224	17.666802554	14.8637510226	2.4411517222	-0.175472278016	1.8380026379
8.21996825451	18.9547412207	10.8229768943	1.00394772995	-1.20160902611	0.228653658301
9.3379736704	20.4400690191	12.3934337354	4.35998580574	-4.10810387742	-2.34292711123
5.53570308436	16.4169770953	16.1404313561	-2.72726863343	0.0493523832904	1.67954910934
6.84140842592	17.6767499709	17.579408124	-0.399490855088	-0.136006304374	1.13542477143
5.31074884894	19.020304432	18.8521718231	3.38384945621	1.55586585864	1.38242804228
6.95907365852	20.433348083	20.3767231376	-4.9475169584	-0.376198595847	-1.76500862938
8.14032743735	16.1691826101	18.8934655178	-0.772561457245	2.37478157716	3.72228502542
9.68338536815	17.7092658396	20.3051566929	-3.18145540213	-1.14098479297	0.149888949336
8.28331804215	19.0556194389	16.4625216376	-2.08226934548	-1.36192768625	-2.2680302539
9.36934607252	20.322026022	17.6707808341	4.01904189636	2.75389134387	-0.283172517325
5.28388458803	16.2650109494	21.65619471	-0.44494289509	-0.301411486372	1.48760273958
6.60781687011	17.6280423241	23.0371735191	3.58457841238	-1.22181608936	-1.10319765682
5.59594636925	18.8431740901	24.4780336426	-3.68440599452	2.39299753077	-1.38164948874
6.65843144329	20.4661911849	25.6100277245	3.00828638632	-0.0286285539655	1.105565451
8.11662231524	16.1659987435	24.4183336114	1.05736956408	0.163085309939	-1.79450928649
9.5581213724	17.5608947215	25.7664257039	-1.58845574523	2.4927261968	-0.544151048792
8.02569325706	19.1122032429	21.6015295331	2.61138939886	-2.79442468583	1.87594739364
9.51035006452	20.5209441281	22.9401329986	-1.17944304277	-4.18397932363	1.80080090182
5.4569889916	21.7930561686	-0.137461912186	0.159964413739	0.631991316978	0.813336398489
6.79939649728	23.229575503	1.29666335828	-0.314516194929	-4.37963411054	1.01004806141
5.29799107445	24.2551217955	2.60886209779	2.62984202843	5.99304326461	-0.9525990176
6.93408188611	25.8315471381	3.95966138645	-3.20675118765	-1.80802012879	0.398139220385
8.30656008584	21.5473176489	2.91170293888	-1.54212210579	3.54336489822	-2.10747177232
9.44035885194	23.2082803665	3.98948749203	0.858974007981	-1.79658303952	1.88532070982
8.00044512334	24.3662413071	-0.0263971083884	4.67897296656	1.16573103478	-1.48292420679
9.38117889116	25.8909904979	1.42414091506	-0.455051267144	-2.82653037545	-0.65994151485
5.47918885313	21.6049222482	5.34289959544	0.379049227828	3.84403910523	-0.845425373368
6.8809733075	22.9648393437	6.77879989709	-2.89119721725	3.3841673402	-2.79523354914
5.4992499725	24.6367085002	7.96841604648	2.01588799879	-3.23692985075	3.9674810531
6.97627067947	25.9014418282	9.62025077435	-4.16229423882	-1.03107408102	0.233221303735
7.95427291727	21.8281781205	7.95166487831	3.57598325487	-1.89726364966	4.81031064083
9.62059407578	23.1874546277	9.31692367078	-2.88792148644	-3.94498430903	0.233377724748
8.28616696132	24.5118010269	5.5002369247	-2.4347215289	-1.03547508054	-0.973228515926
9.51784141414	25.7063946374	6.86670129646	1.76614732697	3.31358099613	0.819836675077
5.49472976439	21.8443626081	10.7236945124	0.843553084738	-4.50221103417	3.77678046285
6.74266570602	23.0788090671	12.3453720246	3.08843351488	-1.60397530207	-2.40098152863
5.54303448695	24.2702811797	13.6786322731	-1.56238633821	3.43819327287	-2.27330038186
6.90663966428	25.7669545472	14.8039054601	-1.38775483424	-1.73482704125	4.27363698612
8.34379965072	21.6205521596	13.5599246053	-4.20367272465	3.11481454526	2.62204192353
9.5395495551	23.1937165631	14.8571902491	0.920046180956	-2.92439499333	1.38745566446
8.29829838057	24.2675307536	10.7124990138	-1.73202350854	1.7768861538	3.15658641614
9.45067302132	25.7760247941	12.3082182405	1.81188236723	0.312157581464	-3.82540871858
5.28527884763	21.9198462306	16.375947235	1.96779422608	-1.97068848257	-3.50671609167
6.7282844924	23.1096842455	17.5545230036	1.29616650747	-1.47993443636	3.96717040267
5.2356863514	24.2985085451	19.051472864	3.86113056039	3.9584600203	-1.66770969329
6.83244297291	25.7898296243	20.3148725583	-1.55494665394	1.82932392704	-0.987849974223
8.3168249949	21.6596608288	19.1055681394	-4.05294257818	1.39426556044	-2.95570334355
9.43639883654	22.9546531508	20.3185117236	2.03519498796	2.41763294631	3.83414057063
8.23301691017	24.2650787236	16.3360491949	-0.767133021944	3.81222568289	-0.902344618136
9.5748792627	25.7712433132	17.7210192954	-1.17918111692	-2.46859292865	-0.892924018665
5.44538195332	21.801502693	21.7627037007	-0.0472849872777	-3.10861302697	-0.492526941867
6.79461125105	23.1383206254	22.8844687981	1.30441612965	-1.42469484574	4.16745842098
5.36490902532	24.3705559705	24.2851924279	4.59520489494	1.43902808724	2.20026375773
6.93320061167	25.9274547171	25.7368089669	-2.22032341183	-4.67458790135	-1.77203224835
8.33760806077	21.7374784893	24.4220748417	-3.64838707914	1.17821877783	-2.15298709491
9.66040012496	22.9158967395	25.7170784461	-2.27362940013	3.95439969528	0.59239585527
8.05482753926	24.6163037008	21.8580682912	2.17572346514	-1.64178470058	-2.85828546914
9.31899067525	25.9782656756	23.2575656592	2.59767773249	-2.34678108199	-3.13563819619
10.6684928628	-0.1824932966	-0.0904656844683	3.33821192638	1.80068230112	1.86301450197
12.4094155512	1.19257813328	1.23613845193	-3.20003131697	0.185787902448	0.607285030199
10.7595249487	2.70216060661	2.91494345415	1.89820636323	-2.90679069699	-1.70629033708
12.0399629852	4.16179029182	3.9830442557	0.0877606541857	-0.501291452214	2.07749571794
13.7576486568	-0.0671141698117	2.68455454437	-4.27359421831	-0.639490862702	0.804429616659
14.7931785703	1.38212894673	3.87795310649	2.95083425765	0.00612181253634	3.57188172312
13.7195817224	2.67322918214	-0.0483295013787	-1.030848685	0.320363933873	-0.775959836787
15.080361388	4.13297524439	1.17867302815	-0.873947539126	-1.62019460588	3.31008268018
10.9242608446	0.0851705954659	5.28649741643	-0.503245327654	-3.54817762688	3.83879400187
12.0936640624	1.43659759748	6.78864933149	2.22019845633	0.890626950731	-1.04640566617
10.9440977215	2.79696958355	8.23316200204	-0.826801331753	-0.730107029197	-0.599237302658
12.2359359583	3.89198238581	9.70257682702	2.02188610176	2.32277796718	-1.94422220969
13.4598734861	0.197713921745	8.28655418099	0.295758698847	-2.19849156012	-3.87697302322
14.8507856592	1.41233969313	9.38633805195	0.877490364884	-0.713519425998	1.65867983775
13.4538085202	2.88326715161	5.23851563766	-0.187904577099	-2.66183930156	1.50349023985
14.9702273176	3.90861132338	6.72495792884	-1.28134549304	1.96827770936	0.582101919319
10.9427766797	0.147755001534	10.8393707643	-1.12181995582	-1.88433990212	1.71890101066
12.2911920774	1.55180416185	12.3055331056	-0.78205375679	-2.25626999223	-1.11151807072
11.0042210435	2.84020035017	13.6734671836	-2.64195002588	-1.39980997263	-0.629716828762
12.3028576906	3.88594599052	15.1201867807	-0.111625549352	5.08281687249	-1.00421197929
13.48238544	-0.0527903492819	13.4293744367	-0.375930880047	-0.124328056042	1.95645476611
14.7821502601	1.16626620942	14.9599982161	0.327154048621	3.15692514726	-1.74285275052
13.6847874513	2.55259971795	10.852814687	-0.199974416153	2.6345195867	1.75148989089
14.7609747703	4.18192674025	12.3742132065	3.09403827284	-2.80584655701	-2.33155767758
10.7118700188	-0.15098422252	16.4277041087	3.82293275219	0.838819410486	-1.15121356764
12.1034535115	1.34754840631	17.7034162704	1.88412926828	0.0264809582336	0.14449088186
10.7980516361	2.89856843377	18.9379483005	-0.253541982211	-3.8579690726	2.60027600786
12.0631315703	4.2328380973	20.363923033	2.97366118667	-3.84511127108	-0.649119564604
13.6629208554	0.00440620629577	19.0996552191	-0.380607976286	0.723446664328	-3.3863543063
15.0738074482	1.27553205291	20.2647421214	-1.12861153787	1.32547762392	0.47973794013
13.7045670421	2.74197771543	16.3724199721	-1.06906447314	-2.4085130706	0.884891793369
14.99881218	4.18674233236	17.6353410606	-0.0936382373745	-3.03203632919	1.06634605689
10.7091790058	-0.132234195626	21.567058753	1.76253363321	0.829443442614	1.83360748181
12.3302385958	1.40417775147	23.2779602893	-2.3763307616	-0.556348971998	-2.47846032993
10.8859304039	2.8437921218	24.5268607852	-1.35523793184	-1.08797740525	-2.58752671121
12.0981887704	3.93041063235	25.7968238196	3.33629319188	2.26105274281	1.03684270187
13.6961868687	0.00252103970165	24.3110632532	-1.2434282337	-1.15195616995	3.08281902324
15.0801450762	1.39856123569	25.7307065846	-0.961443128741	-0.403571862061	-0.973142397872
13.510331283	2.51584865621	21.621118855	0.918498562914	4.0549878447	-0.125120055797
15.0391371765	4.24225809397	22.8896469956	-3.24393099947	-3.07897625027	2.83058491467
10.9352140678	5.50415314749	-0.118492516604	-2.6715233881	-1.33198096565	1.12068841605
12.1146642783	6.60045211564	1.5167483567	2.62093153793	2.06567912206	-2.54619338422
10.9129937937	8.0712934131	2.79714645214	0.502752890841	0.338989715986	2.47011975444
12.3921060276	9.59086134121	4.20672620729	-2.43912771417	-0.732950506158	-3.19633967316
13.5152087383	5.26192310729	2.73163612457	2.20187512749	1.28264209676	-1.17841402782
14.9301355606	6.86015855829	3.96310508183	-2.7959238036	-1.74479353201	1.52067748511
13.7359862409	7.97172297369	-0.0844144648907	-5.22019959771	1.996855943	3.1032993369
14.9331392515	9.33502304261	1.34779801918	0.349027486822	2.99991699135	-0.135107114005
10.6792077039	5.3126365127	5.51833988539	1.69850395146	0.82792390092	-0.616444330815
12.0230768555	6.68616768967	6.92596471654	3.91115120721	0.118585122575	-1.70106713783
10.7010328823	8.15706681729	7.98257644513	3.01375139669	-0.807285295196	5.28955621151
12.0972335226	9.45465722125	9.69098029543	0.762863261803	0.475345715374	-4.90759581632
13.7485279257	5.3810444915	8.30592712539	-3.94113902154	-1.93977723971	-2.61424815743
15.0982641048	6.61747023136	9.34956669545	-1.0477578137	2.52445615382	1.81454747633
13.6440972572	8.29817498972	5.44974775418	-0.89424659952	-3.20457631709	1.36686117671
14.996865409	9.6532472467	6.69128944736	-0.896276737226	-0.0337644117433	1.88586345457
11.0317716873	5.57764719847	10.7014853341	-3.3668302931	-2.09004713327	0.254318685851
12.390871222	6.64486567569	12.029497137	-2.76694224594	2.20268959618	3.30040629463
10.7801730661	8.09798921231	13.4663264729	2.78098413664	-1.07113575368	-0.374591324548
12.3863001702	9.41029760856	14.8301856226	-1.38528478	-0.416676602555	0.741424827848
13.6708826775	5.52443847767	13.4721994068	-2.64884631114	-0.966503433966	3.96000238209
14.876233767	6.84703205656	15.045239904	0.00349263043303	0.695459854906	-1.52223745755
13.382651714	8.22030661113	11.0327165937	2.5773290142	0.194010925912	-2.02309123308
15.084174896	9.45222859321	12.0664410068	-3.24331852021	2.46314424593	0.757301389157
10.6743792433	5.30715913164	16.4289659552	3.55487387299	1.19797019523	-3.01858491337
12.3161900071	6.73550387979	17.4834517612	-2.01965117281	-0.580758728556	2.90267185952
10.9397959486	8.17981649951	18.9762444463	-0.122268456691	-3.49088431998	1.56131152741
12.3229104007	9.46904533218	20.4864508998	-2.72905630839	1.78843579562	-3.04889339374
13.5962315298	5.32749389642	18.9269261048	0.0937846104734	2.90569296749	1.08513746886
15.0354580127	6.92274218733	20.202051403	-2.88440629315	-2.73786998458	3.90861323589
13.6449912908	8.1524147848	16.4912585293	-0.060853707784	0.487682130749	-2.4685129489
15.1162050483	9.33923019282	17.7605581468	-3.96889981981	4.59336529487	-0.296590110385
10.7726482846	5.3132947158	21.5904412785	1.17742660915	2.88160617809	2.77261065701
12.3212490797	6.66407863853	23.015034588	-4.19880796294	1.5169511726	-0.463722451702
10.8633430738	8.28149848062	24.3621311814	2.07957438298	-1.46151039598	-1.4638957937
12.2969138178	9.49017419466	25.7385105629	-0.162616953552	-0.769149362704	1.54185605449
13.4352155351	5.56386962816	24.5460512153	2.7752935288	-2.86869514059	-0.322003385341
14.8540121798	6.9499312364	25.895660925	2.98036554317	-3.04177578237	-2.59280022186
13.3816109652	8.33489977218	21.8202031543	4.89221561735	-2.67019553997	0.28807104066
14.9786395073	9.55098709561	23.1966763331	-1.38464186149	3.04030907524	-3.02939689497
10.978851713	10.8500904705	0.0261372542986	-2.2596802957	-2.79540773081	0.618065977613
12.0761947392	12.3786312268	1.16926174599	1.00723535957	-0.726570652143	1.50279186794
10.8654379974	13.6175076474	2.67147077508	-0.875969242251	0.18450237921	1.37802862282
12.1415568665	14.9816469816	4.17757858753	3.71275462071	-2.30109546221	-1.37375372193
13.4114911641	10.9679993535	2.51954330857	2.82049709453	-0.747859818136	1.24396681189
14.9014950226	12.1255793539	4.24506977922	-0.665014654663	2.46844795966	-6.1387639952
13.3823095487	13.6476993443	-0.129740090296	4.06647952539	0.766444261554	2.30267426402
14.7880313706	15.0372935797	1.51039908089	1.98834656235	-1.5707385924	-5.86469262103
10.8704036253	10.8216318913	5.37932941267	-1.36599903212	0.297992559773	0.351874343684
12.1880437558	12.0385633143	6.83478968035	-0.106916701618	2.6515813053	0.0144134349456
10.7039323432	13.5476325357	8.05603969542	2.76298588544	0.0634297878896	0.47159843941
12.3873658939	15.1322540046	9.67116230272	0.484006983201	-2.51970475835	-3.26832591603
13.697529635	11.0190690883	8.25029847625	-1.39086901195	-3.45355695788	0.86798996433
15.029680272	12.357013313	9.60249961308	-1.0692523064	-1.79400828324	0.00492155521189
13.724595814	13.4115558129	5.54632295929	-3.81580030432	2.54576906955	-0.115231467304
14.9135522364	14.9609700919	6.89216366977	1.26257578762	-1.73698136401	0.279505212407
10.9281963245	11.0498214424	10.7180416133	-3.12382747502	-1.98254193774	2.33283288779
12.1706892267	12.3508205246	12.07294114	1.29416559907	-3.51884364503	3.09011908777
10.9314745595	13.4947341398	13.5969963658	-2.19414593432	3.46349243604	-0.927061834007
12.2753573222	15.0237825425	14.8758664095	-0.0555005061127	-3.39639601458	2.30756774017
13.6585839734	10.8828212383	13.6150571608	-0.968255765318	-0.569407064261	-4.70720454931
15.0015445105	12.0762744323	14.8069728282	-0.515126280063	1.75414287859	3.67929557953
13.4384024304	13.4436239662	10.8398984497	2.59720628338	3.54943006449	0.0930732416077
14.866126141	15.0754909851	12.0916203937	0.0185984284081	-1.17648478641	0.298284083304
11.0180626652	10.8154811289	16.2174908521	-0.549082764849	0.465651304094	1.18732540915
12.3814864915	12.2298236299	17.753628997	-5.73193440497	0.753973647063	-0.263427669817
10.686266185	13.7090638694	19.0515046827	1.48640356171	-2.68718286861	-1.70255303329
12.0187069317	15.0970930599	20.2124161632	4.05249597631	-0.825205436874	1.66262722154
13.4753531896	10.953106292	18.996451813	4.90922252041	-2.49612716638	1.61155186644
15.0852330618	12.305348985	20.3466519199	-3.3276859851	0.345844849908	-1.1883672381
13.576139058	13.4248098422	16.4446196312	1.12213144236	1.79764464688	-4.34888550939
14.8314924488	14.9104590864	17.7059855925	0.790268544813	1.05404719614	-3.26103071789
10.7293602496	10.7744301491	21.5810482347	2.52850803436	1.70884783504	1.87358813886
12.1797461308	12.1673074465	23.1005387208	0.0410356287225	1.05310203885	-3.59673034035
10.9557161801	13.5648760136	24.3686550421	-1.14383621436	-0.889651401788	1.34940663287
12.3127726331	14.9415490034	25.6942104542	-3.87730508225	-0.331470266119	0.82460686861
13.3914920545	10.9646644115	24.4460882287	4.76087902165	0.196579128136	1.56238388928
15.0934235357	12.395339188	25.9203458351	-3.52446566491	-1.01749612191	-2.29577028213
13.7092050015	13.7176101237	21.7701966895	-3.43278091695	-1.96310302936	-1.79937137173
14.9605122127	14.8896497682	23.1354378306	1.09802137986	1.98668951236	0.426563642302
10.8270850469	16.2088646219	-0.0555572412211	3.47486042765	2.32858626714	0.240549441047
12.3446728754	17.787577421	1.55322181177	-2.15503693767	-1.96902583812	-3.79716827631
10.8160849701	19.0642572602	2.56431488412	-1.09709276602	-0.503606040955	1.93460619934
12.1890331818	20.3678479868	3.897194902	0.480087488405	-1.53688255071	4.10856723776
13.5016651069	16.2711732866	2.5383902564	-1.34926055054	-0.428890604107	4.65142408483
14.7668591719	17.4930240032	4.08353745673	2.52042189072	1.82627408903	-1.15567410097
13.6186374353	18.8841428369	0.0422550565853	0.308009786926	2.82391187141	1.35724351203
14.9534027856	20.5274232235	1.35208447892	-0.354378546763	-2.99956393475	2.09620328963
11.0369935176	16.4880334251	5.29150089346	-1.67104038614	-2.43347911118	3.40852524227
12.0951093946	17.7710248664	6.72826451659	4.29191937513	-1.32618747925	1.29025100302
10.857822417	19.012754713	8.01953750113	0.239712851483	1.80774244673	2.60859198271
12.3103496586	20.3100641822	9.67699186188	-1.08476713758	1.09737578891	-3.92507733014
13.729683633	16.3708299883	8.154131668	-2.66113116475	1.96590353023	0.161131325052
15.0621664943	17.7922236004	9.55891730575	0.00771757518435	-2.78310862431	-2.53320958277
13.7588035633	18.9899594379	5.55788797464	-3.88349420162	0.719869054786	-3.27163775668
14.9579884533	20.4396564881	6.64528493404	0.23277436551	-0.758073295925	3.94710886994
10.9625928864	16.1670003008	10.7036786311	-0.236594022674	3.55690483549	2.97686936684
12.2602560738	17.7622807222	12.1390816652	-0.612383531099	-3.39355152996	-0.0747481683566
10.9495900928	18.8684745482	13.6924406913	-2.18940474938	2.62367037594	-1.69809739839
12.2179737563	20.4643971386	14.8477738936	0.660543098463	-0.509246700768	2.83356704461
13.5013912851	16.2890117441	13.657637244	0.499605439904	1.01595785545	-3.1812993037
14.7810136434	17.5941594108	14.9220842296	1.62161231393	1.84011227725	-0.100336775042
13.7217909771	18.8192535753	10.7138875305	-1.96343378073	2.13480522019	2.00882007892
14.7648079371	20.3155486793	12.0566025298	5.54606953641	-0.290193310647	0.165838344089
10.988585238	16.3933118998	16.2149483563	-1.8896023252	0.579364232403	1.7103903128
12.3873462864	17.8022721734	17.7720758871	-1.07936906345	-1.20176303304	-2.74390772862
10.8321159641	19.102789886	18.8485349832	0.712657466117	-0.541231413344	1.58759091179
12.1201689923	20.3984405593	20.3006067583	1.99325277511	-2.01809061999	1.46569932966
13.7143232501	16.2852833188	18.9130416338	-3.0337278969	0.277715497842	1.98129392232
14.8613859951	17.6600678676	20.3000776549	3.69747642121	-0.3800606264	0.542451650297
13.7228468092	19.1502636193	16.4006587476	-2.48515965919	-0.44890628714	-3.0319167182
15.0970227862	20.3663447755	17.5320821638	-0.25510996954	0.920346870459	3.44116710921
11.0168166237	16.3672882863	21.8525571835	-2.46988286353	-0.191632835597	-1.88582681382
12.2147038251	17.6556499558	23.1583048297	1.51166365021	0.77315799668	0.161303831848
10.9188052666	19.0957624265	24.3385073319	-2.12715241231	-0.93164685448	0.944333516185
12.1092825798	20.2215063694	25.9806450611	2.96030681161	0.795816055615	-3.46046964732
13.382142992	16.1533038032	24.4290196351	3.81003667506	1.96464592062	-0.492178940503
15.1079688596	17.8119036078	25.9477801764	-1.36609723903	-1.70744798198	-2.23591672144
13.7572126183	18.9654331321	21.9174643495	-4.85703428422	-1.45571443536	-4.30826052913
14.7796568475	20.2071127492	22.9147437383	3.11547408699	1.42579479359	3.89592403918
10.7249724784	21.5475736962	-0.155050693359	3.16147544894	3.19091074646	3.09518427678
12.3102050527	23.1933374949	1.1746757705	-1.18750030635	-3.32520631846	0.29271923163
10.7579914717	24.2754424405	2.64727230606	2.08831431735	3.69369413091	-0.177932167816
12.2866722242	25.7017201152	4.13876663205	-1.12356595964	0.78020435992	-3.44299464613
13.494469997	21.7552303305	2.90755595918	1.55268567581	2.05663292485	-3.99012235095
15.1305806301	23.0819323487	4.05444258642	-3.74026441904	0.572052392549	2.67062731184
13.764888342	24.5647905724	-0.100862208639	-2.74937894515	-0.350097052744	-1.24228625836
14.8241367616	25.795302224	1.4219909634	6.21936226906	-0.692188949628	-0.808610898801
10.8801882109	21.8059529262	5.33950539346	-2.49365935725	-2.13237544241	-1.08885828088
12.0280097821	22.9727298598	6.6872027366	3.67768348178	2.02431869007	1.72751950947
10.9648968301	24.3061367336	8.29017977379	-0.725108016277	1.8996676571	-3.76316573148
12.1897253168	25.7804562385	9.40021089906	0.791280543395	0.918905854436	2.49921027639
13.6699461258	21.8280004753	8.11860303206	-2.38870883346	-2.76116529431	-0.107124500763
14.9619004804	22.8824393761	9.64224530146	0.0519610652059	4.35565062872	-2.58876981093
13.5463228062	24.5319049789	5.5335745411	0.957605486796	-4.23665483593	-1.27881823718
15.0184494553	25.6519565731	6.78847439226	-2.41984685255	5.23358984822	-0.365312769897
10.6656481661	21.7172826221	10.8086378154	2.56650633675	0.650061320764	1.92767810623
12.270122377	23.1548280515	12.2582838417	-1.9256706359	-0.951171291452	-2.11318859632
10.7632920397	24.4725127013	13.5940834	2.65490893576	0.384759027258	0.0990210307341
12.2681133532	25.7261574417	15.0417653328	-2.55797196163	1.92644693844	-1.77001702237
13.6292915858	21.6452000335	13.4307449956	-0.370170474991	2.28486233129	2.14530838668
14.8862292004	23.2029724454	14.9807224608	-1.24736783014	-2.6100938495	-0.464567945233
13.62358298	24.5090963796	10.7854068159	-1.07717320384	-1.20821495147	0.14911951843
14.8349296811	25.8619546673	12.0975863273	1.36471068347	-0.782888165107	0.344383474497
10.9511641659	21.8934085905	16.4587954692	-2.2521499061	-2.94346503797	-2.61067584683
12.3308667505	22.8824415108	17.8270463764	1.46803804031	3.61009230135	-2.28008658317
10.9075859092	24.278790122	18.9316937257	0.937697866912	1.66500107347	3.013993275
12.4123771453	25.8315697012	20.3193216473	-2.49539767287	-2.82565295585	0.680986843897
13.6899838064	21.6570964093	19.1088616735	1.18105150214	-0.673359473708	-0.330421611379
14.964659836	23.1929361093	20.4166329709	1.56629854025	-1.53408609958	-1.4315574581
13.5513272284	24.5931904079	16.3087742239	0.302011076081	-3.63406520106	2.61206128901
15.0327812881	25.8379065998	17.6071753429	-2.61785466592	1.53096859499	0.235240590316
10.8694517922	21.5237298481	21.8610682238	0.769935973596	4.80100383643	-3.09611324366
12.2783073645	23.1782102711	22.9823341661	-0.735299050138	-2.14894844575	1.34010157761
10.7955514182	24.5565542802	24.3074653383	0.0358224701268	-2.15387813777	0.397028877938
12.0469871454	25.7490540004	25.6662560611	3.55164667039	1.19179636096	0.333519325437
13.6546093344	21.576592644	24.3028448319	-2.08740190808	1.90680518542	3.26471767049
15.1098345805	23.2430349938	25.6711540307	-1.82767252871	-3.98007661321	0.961520568125
13.7242303696	24.3577736676	21.7264723712	-2.38193025286	1.55712966347	-0.868640337489
14.887585873	25.6299706799	23.0526003302	-0.19392248177	2.98399253463	-1.23651825134
16.3363765206	0.013310355542	-0.161066393727	0.513777672847	-3.040029361	2.19544243505
17.8301153797	1.16091297149	1.33574329413	-2.64968881132	1.52219731626	-1.44982222618
16.3885145049	2.56652649738	2.63891810571	-0.971765306411	0.601817349876	-1.89971808738
17.6211186816	3.91674247117	3.96741104854	0.185134362222	3.21188964921	2.3542618992
18.939936616	-0.144343133037	2.63919392094	0.0115805312123	-0.199262846506	1.67572706596
20.2819507319	1.20032966644	3.89237843345	-1.18148646221	1.06841078587	4.41370932841
18.8632210925	2.65009545381	-0.168689780862	0.848657374084	1.29710781153	0.703092037455
20.3882353387	3.90331845032	1.33072521012	-2.38590621191	0.392262958757	1.52854189193
16.3505739189	0.0269156525095	5.51040728715	-3.27450954926	1.44116905354	-1.77766968672
17.6396994767	1.47390597498	6.7723023234	-0.331467195333	-1.57557433994	3.94764536972
16.2176527163	2.79077003856	8.339896077	2.26506177318	-0.0912452942334	-2.26193406663
17.8413797901	4.22209297483	9.39790849485	-4.84157382458	-1.04377375252	2.18865092753
19.1760962996	0.0487032938083	8.17664548516	-2.10239211577	-0.0925069581534	-2.64884158735
20.3180427666	1.44582859175	9.48196449921	0.696037813801	-0.72939157222	3.73328612618
18.9239996671	2.71853383262	5.62634214186	1.27642988718	-1.24137057041	-5.42617212563
20.2325538283	4.06124621938	6.73805546797	1.89990415469	-0.856814299364	1.75479076139
16.1473962207	0.0243810223593	10.6690504525	2.28034146999	-0.452722976926	0.416699268913
17.5368523684	1.46610571638	12.0712441643	-1.7613024096	0.445864741327	1.09401229638
16.2592598178	2.81305120879	13.7472599458	-2.29498813072	-2.64443818127	-2.21470367334
17.4612825323	4.2693092251	14.7359565992	1.07878972687	-1.7185048446	4.1105893962
18.8568965837	0.197522664906	13.5230451112	-2.22121742001	-4.37906836075	-0.17755330815
20.1819987831	1.17430693361	14.7712576924	3.26986282164	2.78499892977	0.915893627608
18.8418468898	2.90917024784	10.857355959	2.73373156572	-1.99285775313	-1.39170106759
20.2299078822	4.19008490985	12.1325309679	2.36528951064	-3.54873178749	1.80542822048
16.1017554581	0.0327550273355	16.1266907119	2.44391611722	-2.23446669808	1.35590592463
17.5939368514	1.17276609807	17.4900567029	0.223433814833	2.82115767586	-0.27241558388
16.4245823565	2.71843401557	18.9558904195	-1.88801002974	-0.763332358044	-1.65606599984
17.4703980274	3.93888531009	20.4400651019	3.42453702129	0.7383831806	-2.55886520194
18.8363209939	0.189089094534	19.1158050368	1.03202512684	-4.47789810241	-1.256072079
20.2269809734	1.19872403489	20.3725664972	2.43735617299	4.53375574157	-0.846289283719
19.1681385091	2.51712163922	16.2219055523	-2.63325294539	2.18567980864	0.662161106891
20.521951222	3.87787154853	17.7966478753	-3.25949242964	3.69382988333	-2.67644644868
16.158196629	-0.126580111322	21.6080029047	2.60247903384	0.675464976668	3.20627512729
17.5932149499	1.3395123668	23.1753801069	-0.761716504415	-2.09847648752	-2.90167530524
16.426416568	2.71994036343	24.3948558274	-3.55007038314	1.28632676018	-1.88181693432
17.4669012179	4.16461571351	25.5951720662	0.695039409494	-0.229699215667	4.43901533329
18.8407147921	-0.180887620938	24.448423036	3.01017435599	2.8816708553	-1.12003837822
20.2880780609	1.30792561292	25.7202721035	2.79829000043	-0.660300566077	-0.115432745909
18.8068023869	2.63003296659	21.5988396538	2.9469197712	0.398763585115	3.33919814641
20.5321296671	4.03305051621	23.1684835638	-2.77283886847	0.872845498895	-2.54217188571
16.3587480786	5.61098901045	0.124099248786	-1.0193505239	-0.443289396914	-3.38233866759
17.5059104279	6.97789006433	1.40722914231	3.58803289514	-2.32983124952	0.120015505226
16.2662364799	7.98992807218	2.77019538196	0.488854051114	3.7697434347	0.498313830874
17.7097901442	9.34995741142	4.22115542745	-4.08941909538	3.4202002448	-2.41157089519
19.0462411562	5.57347972294	2.74827751063	-1.60948333265	-3.04291598497	-2.40494008199
20.3801608441	6.80396786138	3.95370640653	-0.448175422029	-0.442048826119	5.31712690572
18.8581811266	8.14633407074	-0.16296243019	0.680486527513	-0.285716905592	1.89922694377
20.2916805243	9.34781270472	1.25652952121	-1.99445625336	1.9869468921	1.74230652935
16.0979987633	5.50635515715	5.41156923071	4.41641925049	-0.552209987756	0.296881875234
17.6931700621	6.96748503486	6.92999135972	-3.16047048364	-2.26625823988	-2.8380047232
16.2385203761	8.20149624822	8.10213368171	0.103498584653	0.63309541459	0.168238732474
17.6098171109	9.54931770638	9.39447173277	1.36494569402	-0.870442055023	2.87082855251
18.8072256947	5.26870122776	7.95298558136	2.73127723944	2.81700244099	0.205874703775
20.1910387067	6.62177609507	9.4317802909	0.770144576593	-1.06660550104	2.86648358058
18.8205031385	8.25231022056	5.51319408908	3.84570805189	-3.79682252301	-1.59950550573
20.2883300331	9.37665868094	6.64451070753	0.480040573864	2.46835160246	4.05291058549
16.195127288	5.4333536879	10.8633457357	2.71053453107	-0.379391959113	1.17090098763
17.8261699888	6.70603330799	12.2641524034	-4.57892075041	1.92234586903	-0.906729675522
16.0995952569	8.22728487787	13.414008749	3.80224651897	-3.33805936684	2.1362806736
17.6401731054	9.36130198082	14.9416208473	0.844221648604	0.338279084357	0.0571417324347
18.8651366058	5.24364967601	13.407385182	2.92981844696	3.72595531969	3.32698637127
20.3068791559	6.87706367147	14.9520820029	1.13997269929	-2.16800508184	-3.67960383619
19.0586316802	8.17779640638	10.9988219226	-0.623193126008	0.639010099604	-2.57599600639
20.3136164421	9.65118469383	12.3879506383	2.00117205027	0.524288991633	-2.16280726173
16.1040622838	5.4735228095	16.3638595393	2.93231128685	0.667402684209	-1.35974628223
17.4963538752	6.71040282483	17.8031152073	0.679453993167	1.59629753022	-0.792263372174
16.1639916046	8.30006493752	19.1091799038	3.54181580765	-2.45819946755	-0.70296100255
17.5258304964	9.48631377739	20.4235173396	2.40235493706	2.14400886741	-3.03534321524
18.940210337	5.39393976189	19.0764832686	0.237797424519	-2.66278288404	-0.736073565932
20.3020702366	6.78311236987	20.2550848865	-0.70960383318	-1.19914990161	4.22409579312
19.0926314162	7.9992181847	16.4180497664	-3.17764057385	1.15604112127	0.373890818392
20.2933528254	9.51063891847	17.7367685208	4.03785400043	-1.27070576177	-3.1235487753
16.4488088828	5.26834030451	21.6023400585	-1.37848952452	5.80281941075	0.240823321657
17.8110895854	6.9530430703	22.9110233185	-2.65685758903	-4.27441079764	3.11137412879
16.2124128889	8.20344242752	24.323063392	1.66724529069	-1.35322662698	1.61632672316
17.4648869277	9.48520738407	25.9381414157	1.19463520177	1.56524149001	-3.41547702271
18.976212886	5.30879402486	24.6357012674	0.961871019918	1.63652688939	-5.48456563072
20.2607431671	6.85279812246	25.6557948913	0.559104693812	-2.42058455838	3.58169804414
18.8410450593	8.21775678514	21.6762169625	3.41603837296	-0.390327456365	-1.21193308076
20.245629247	9.42376322901	23.1397472004	1.08619712088	-1.17172890962	0.673184725733
16.2855943241	11.0436001816	0.00930558968755	-0.0525337879955	-1.6398787564	3.33252397778
17.7072723206	12.4117383112	1.44377261883	-1.55871985416	-1.7205589093	-1.56835593244
16.3611793025	13.7059592813	2.65005965749	-3.53593782123	-2.31042065049	1.91417492463
17.5154728066	14.8442168171	4.02693681961	0.907843802991	1.72847205772	3.41445119992
18.8144833987	11.0133699812	2.80677141592	1.04778091766	-4.18720349193	-2.10237453926
20.231081644	12.1265038318	3.87694983531	1.39754018705	0.906452468353	3.64920884334
18.9868365718	13.5309644573	-0.0226772036505	1.6709403823	0.961939671639	0.657314061633
20.4952227164	14.9268441061	1.18110879501	-1.71877865745	-0.00686253191845	2.0182193996
16.139497116	11.049427564	5.33194433297	4.08204636217	-4.13464579581	0.652341772253
17.6638536045	12.1556077514	6.66660485485	-0.0573049476955	0.634575183546	2.17301777744
16.2878448682	13.4328820859	8.23277120388	1.84564216206	2.53645900231	-1.50718252337
17.816972799	14.73409258	9.62111071825	-1.32747694248	3.52270463484	-2.7829000511
19.0485294175	11.0043060747	8.32545057131	-0.0327074189989	-2.74600526607	-3.79278378053
20.3667761884	12.206510613	9.63873861748	0.299232366715	1.08274680145	-0.302640927282
19.0357659349	13.5115475221	5.42938332792	-1.39739586699	-0.220435916665	-2.73246715463
20.4381782062	14.7734805513	6.58829337552	-1.3235571448	1.67963499257	2.34401454839
16.3482127454	10.9412753298	10.8240602925	-0.482340511	-1.74028463374	-1.22992722261
17.6293313189	12.0683462594	12.1079045405	1.16551207964	2.69076432313	2.69671410503
16.1897821583	13.5389482765	13.4691036378	2.20140533879	1.59856579414	0.206854126624
17.6236940793	15.0488525955	15.0028416236	-0.379411042903	-1.8735541043	-2.53236676095
19.0444173787	11.0306821103	13.7732915281	-1.60003624498	-1.65138567236	-0.823846577898
20.5555592212	12.3831448366	14.8060416437	-2.2646365773	-1.71064423085	4.84812840707
19.1067229987	13.529972683	10.9341108691	-1.62799238515	-1.32184033033	-0.136154560962
20.2084564003	14.9650408843	12.1215490685	2.69039743231	-1.10570169916	2.57377846419
16.3359687074	10.7369241943	16.3325183146	0.903216198146	0.826720638685	0.208629014361
17.7763932553	12.099308168	17.8059500603	-2.0094645951	2.40593579335	-2.65652022374
16.1225361697	13.7410982722	18.857787397	4.25020853453	-2.40297355456	1.38193363276
17.7711499914	14.924518765	20.2035074413	-1.18993442937	-1.67077309704	1.41051894053
19.1938735267	10.7844263025	18.8611842685	-4.39409765816	-1.1070460009	3.68183716258
20.2083567877	12.0552131418	20.3015205625	2.5392405111	3.55026505177	1.46181951491
19.0813693823	13.6870164601	16.3830969551	-1.3939288275	-2.22733891864	-1.77486661686
20.1960117187	15.1096580373	17.5730520814	2.85005876815	-1.09896414405	1.01261350726
16.3523486305	10.9537303075	21.5505379881	0.245090022981	0.0325870293877	4.90881530007
17.8413865864	12.3703804522	23.0337614743	-3.03693439359	-2.64283655847	2.97041923784
16.3952062414	13.7494032868	24.6340527372	0.617671468224	-2.68804776393	-3.24347953188
17.7748648637	14.8504986585	25.8601993673	0.92494414261	3.30923685662	-1.70148344078
19.1520615637	10.7994130465	24.5583104989	-4.17228289709	0.59052218445	-0.40961055863
20.3465171509	12.2661450937	25.8150388972	1.79450969086	-0.998766813868	0.00430077574253
19.047994272	13.6663180077	21.8874115304	0.977848802975	-0.768568694481	-3.97984269076
20.469621503	14.7507870549	23.2110618589	-0.0997011420945	3.75395564329	-1.17467115267
16.3823832325	16.3112858503	-0.161679177439	-1.85427262703	-1.43645390448	3.66177005285
17.523618662	17.6277462821	1.43319030149	3.7603474413	-1.83816984935	-2.42928408591
16.4281731592	18.8441641006	2.69338455901	-4.97203497411	2.79517350093	1.79971471353
17.5658417358	20.4724493979	4.07664953811	1.65614155897	-1.60992939556	-0.463586415488
18.9151833893	16.1152595997	2.71970653859	1.6126110598	1.57597185235	-1.2829068222
20.3818311636	17.7202155572	3.89986912533	-0.714841958614	-1.16399227673	1.78944249201
19.0675491033	18.8468325084	-0.118388441314	-1.95197644347	3.644541903	5.15743637
20.4119689266	20.3795381249	1.53748152214	-0.751383667065	-0.989389771709	-6.2831752212
16.1538041661	16.3367129104	5.55604814933	1.10067545213	-2.78166226805	-2.71183476293
17.6069355376	17.5293265136	6.729434812	1.5218114905	2.8197357814	-0.0745992789989
16.2617872258	18.9190542433	8.09541686857	0.697446580739	2.66414379032	-0.711551226921
17.5015773178	20.345911346	9.64213247356	2.35374240064	-0.611628236885	-4.45582012165
19.1089843723	16.3202625527	8.00389844188	-0.444242920865	-2.48893352422	2.08051912107
20.2453036281	17.6895602767	9.69999425629	3.4965690374	-2.94864498939	-3.12780426821
19.0698901295	19.1292166581	5.43139015791	-2.24359331957	-2.40164961069	-1.22549678007
20.2532321696	20.3887320713	6.79304385578	2.94444578683	-1.98472572895	1.43642021581
16.3956374269	16.4760106708	10.7807853687	0.57080459782	-2.83757165289	0.541791850739
17.7018301109	17.7417094254	12.1987542043	1.9174359274	0.145919408456	-2.31716338855
16.426522023	18.8164308199	13.5437872243	-4.80084871411	2.29905736056	-0.14318044561
17.4530494637	20.2115256147	15.0545169303	1.52379383939	1.47996968394	-0.461005038049
18.9949327951	16.3556779069	13.425767675	-0.382631843538	0.0562343983042	2.83650434157
20.3178223395	17.7215833733	15.0051254832	2.13212166694	-3.89434895702	-2.19798516916
19.1664212451	19.074223258	10.6620919951	-2.1216951253	1.62638364057	4.61734802797
20.5507829932	20.4159851998	12.1841947483	-5.44063788922	0.986696276707	0.174203492199
16.1522345624	16.350619139	16.2260400585	1.32678804315	0.222002998642	2.88903176187
17.6907415554	17.8233909567	17.6612461985	-0.142213057851	-5.02564447651	-1.4511833674
16.4452407194	18.9610286029	18.8877181168	-2.51491172157	1.71664848574	2.52282456335
17.6148609963	20.3619315804	20.445702536	-0.237986699834	0.686147011723	-1.24440699615
18.9882963798	16.2613168699	19.0372592138	-0.466002758444	2.43599219291	-1.7809397223
20.3759928168	17.5507633735	20.3081272563	-0.839057849268	2.67374693279	2.3209612828
19.04541285	18.8523320304	16.1696813143	-0.425444115903	3.42587020102	2.29657041626
20.5562340167	20.2220112629	17.5333865486	-4.12623647404	0.604852572874	1.59383003383
16.4016135949	16.1535717097	21.5983583697	-2.01116866761	1.67618516632	0.766817702064
17.5711855123	17.5458774442	23.1843659783	-0.79882365644	1.01550167258	-2.13489940746
16.2337773704	19.020297462	24.4055347646	-0.145277471526	-0.16497288967	-0.580136366951
17.7801022814	20.1961670841	25.6230654574	-1.61486120728	2.62860045398	1.98564479528
19.0400246933	16.4378157197	24.3361484111	0.606659797125	-3.33537592778	2.49310475717
20.1784138318	17.710888092	25.9604118398	4.87622468117	-1.80312878329	-3.52744747932
18.8328130633	19.1019859125	21.902800007	2.69720549519	-1.92444151144	-1.52230449326
20.372721406	20.5474173136	23.0554820713	0.773284238846	-3.2003530569	1.97088174781
16.3888444639	21.8083566935	0.166687822914	0.964399893578	0.0477440693089	-4.04003990766
17.8263339242	23.229352003	1.34767784242	-0.0842228894221	-2.47176454933	1.43981009979
16.4356979137	24.3765416375	2.85950481118	-2.08355565482	1.81974251824	-3.4023426442
17.4930232954	25.8387447132	4.09275768559	2.51829787694	0.109587827319	0.702913356394
19.1654532066	21.6142647067	2.66527676172	-2.14820821354	3.57464383519	2.60850739398
20.3574145391	23.2786100777	4.11249705379	-0.145444403516	-3.20465783756	1.50586792426
19.0721451042	24.3048097971	-0.176302709382	1.0131935366	2.78774228185	2.36095565496
20.2849787782	25.7330728654	1.48965131429	1.61695986328	-2.91465822205	-2.09643000148
16.2367591124	21.6977940577	5.50566755152	2.3911097951	2.17538474632	-1.05941290639
17.6884378902	23.2248391999	6.7730887496	-3.02515810385	-1.17936424916	1.54776936032
16.0951302312	24.6331642282	8.07019803138	2.34753803271	-5.39117138164	3.15612891575
17.7495609929	25.7545216419	9.37403164001	-1.42936751338	2.00560606245	0.391020924734
18.9314905666	21.677566494	8.0179922043	0.0107780087521	1.17366270346	3.53141111064
20.5342363556	23.0882141648	9.39730815301	-3.85942015064	-0.361376059873	-1.8264221905
18.8664534095	24.6061349715	5.62859030734	1.03484830954	-0.921439071373	-4.0677484331
20.4057474201	25.7098769118	6.69476823351	-0.159691374524	4.44729715075	0.254456134697
16.4683572129	21.8181962295	10.7345919442	-1.53649771999	-0.913721896771	4.89316181946
17.67908238	23.1633321977	12.3922330714	1.00997708707	0.434046371486	-4.16932335808
16.1031681737	24.3204125724	13.4993514617	0.686685591545	2.68021922522	0.307619774734
17.5083696337	25.6060364518	15.0249747955	-0.0100122909304	3.25567505681	-3.41805549217
18.8190306899	21.6642793152	13.6464098014	2.28634786915	-1.6520435362	-0.597061808191
20.234661258	23.2561454616	14.7488677128	-0.383249098108	-3.24032009146	3.91489209712
19.1824200987	24.5378372059	10.6661839213	-0.421254609748	-0.763633979392	4.2260701353
20.4923029861	25.9920114684	12.3444439657	-3.09436574325	-4.29075615891	1.09282587014
16.2875918258	21.8986914871	16.4015272115	-0.651251539647	-0.809391196357	-2.86307297821
17.5251999211	23.2266297967	17.5737428623	3.05799804527	-0.162538438481	2.49755142347
16.307839544	24.6363471354	18.9245116873	0.232507154694	-2.32404682448	1.82591543483
17.7369840279	25.6895271267	20.5067312578	-1.49937869773	2.05896123455	-2.50100521522
18.9968830031	21.8345051965	19.041206508	-1.08658310622	-2.42357527374	-2.77060944592
20.4143138381	23.002039891	20.1997686875	-0.123721447867	2.99574859585	2.84719195241
19.0150865011	24.5945087937	16.3380329778	0.171343035418	-1.75430215919	-0.748726598882
20.5247730203	25.8025876034	17.5406417745	-0.918902858207	1.78489572587	1.77903009547
16.1075874501	21.5823358343	21.8202931268	0.743829777373	0.808247380161	-3.12788658069
17.4954080711	23.0045892879	22.9044951604	-1.40523907614	2.21883718202	2.87780811964
16.1276169083	24.6199480573	24.3677805135	4.57462092109	-2.87921665196	-0.872929211359
17.8397070511	25.6270660286	25.6951821642	-3.94769298085	0.897818736062	0.94878950752
18.8485962725	21.8366631076	24.3063944167	2.76076913701	0.898505623397	2.06105603487
20.4798091918	23.2729305123	25.7639661779	-2.43006016593	-2.48605048738	-3.34679758527
18.9193434995	24.4442779387	21.8258720374	3.05531139601	-2.21809921505	-2.40680335994
20.3169692278	25.9823041958	22.9019912107	-0.161831587956	-3.26655953118	3.59230306635
21.8575564406	-0.17555734495	0.194892860789	-2.66895665297	3.68666245022	-0.297833043884
23.1682635241	1.53829924825	1.38423051528	-0.429962199848	-3.69146915102	0.616877968634
21.6781519493	2.52736016917	2.88394557649	0.176161839739	2.31403537389	-2.81777320123
23.1592644843	3.97894363214	3.93298078654	-1.22418792663	0.00727528725215	2.30544543902
24.4925069768	-0.152562592768	2.66946408819	-1.93008646659	1.5935903578	2.70631812096
25.9449461003	1.4998522252	3.88921375748	-0.101605235201	-4.35265046211	1.22366648932
24.4272739582	2.61772341564	-0.120644671742	3.73238286565	1.21876517948	1.7910275595
25.9709787973	3.9470093862	1.5317988653	-5.18087939655	1.63270335178	-1.81936496587
21.8273526193	0.179008493937	5.47972391896	-3.30510297785	-2.58608762881	-1.67949119172
23.0073258586	1.48115235609	6.62080300027	1.8581611919	-1.2978866925	4.18753410282
21.6988209086	2.7393413586	8.21961839882	0.704565558636	1.77256102605	-0.896904353256
23.1795218471	4.18536786393	9.60654984741	-0.349280267783	-3.05172544794	-1.0107669092
24.3057205723	-0.176107311234	8.28369716109	-0.0542996865151	3.16927173854	-3.07875501291
25.8501304577	1.28934807722	9.42490932418	-3.07057438353	-0.0463271456267	2.1273501312
24.4515578778	2.55088497926	5.27441751948	0.431806156882	2.11445187781	0.0727686383117
25.6187781072	4.02811150277	6.71831630694	2.7428036661	-1.36763319224	-0.271117046534
21.6139710893	-0.147128590818	11.059768345	0.943149155311	2.57105904318	-5.29436648676
22.8877644075	1.35589897235	12.1590818182	3.06582694537	-1.6768027684	2.37208752327
21.8295583854	2.63337013395	13.6757494949	-3.18869762646	1.45267291896	-0.871859166485
23.2178639887	3.93181350237	15.1198722011	-1.74412273595	0.97163267358	-3.00187382013
24.6052168847	0.0328114453003	13.6808276607	-4.2804569913	1.05461307066	-0.419684459455
25.9176344414	1.37428663466	14.9997898475	-0.111474532682	-1.40382830514	-0.0670576820319
24.3871001102	2.59962614047	10.98313957	2.49898354898	1.3552452749	-1.26211746589
25.9138690428	4.03802159245	12.4025030707	-1.34626708998	-1.36218206489	-2.02927692199
21.7460962897	0.188818804614	16.2104287901	-1.26188232502	-1.36016119157	0.553370037796
22.8847207442	1.53062792195	17.6978036666	3.57835729827	-1.89200660874	0.122895645756
21.7637203421	2.87277883773	19.1102569705	-3.21765189195	-5.06016078411	0.977441023547
22.9066779248	3.88483963796	20.408475917	4.48507336331	2.29825738643	-0.0852157859814
24.526284225	0.0336432485771	18.9152376179	-1.15305075697	-0.153284146275	-1.85515069978
25.6406212808	1.30861396531	20.4211191538	3.31164341599	1.04388630692	-1.78218611661
24.4142497557	2.57960156258	16.1576948791	1.86015502098	0.786757228173	4.45607995172
25.8920031206	3.94666928921	17.6868085176	-2.25034043385	3.48089906805	-2.6381343791
21.6025583283	0.009300186561	21.7396930525	2.97843192979	0.61044412832	-1.56831910613
23.164407274	1.30306447006	23.0787548013	-2.19739626835	0.25952984271	-1.18267803329
21.9128083822	2.7919257658	24.3463895549	-1.75907686704	-3.3021473625	2.25313952579
23.1724139508	3.94672825919	25.8339393352	-1.66649502758	1.61867332072	-0.306605174045
24.2416367614	-0.0650790040763	24.4047150886	3.83524740415	-0.635628271733	-0.442072724597
25.8606597809	1.29572758753	25.6159202641	-2.25084608194	-1.78925737556	2.01237221411
24.3924832181	2.57074763756	21.6197088467	0.804371207593	2.44489792774	2.80875157062
25.9789033192	4.08610451981	23.2411958793	-3.57798798348	2.14634692511	-3.84405600357
21.6114234159	5.23748541219	-0.0266964016755	0.224724150236	1.59882583838	-2.03160182036
23.1131157891	6.60164352465	1.16197527316	-1.61694298778	2.31203973479	0.304086558352
21.580661405	7.95973737239	2.59425212321	3.99889118333	1.96262728553	-0.0693048609538
23.1794992333	9.48455530724	4.16248630039	-3.33279415693	-0.573273921591	-1.09610681814
24.2629068519	5.61485367749	2.84471059554	2.8445247342	-2.32130189314	-1.67187896946
25.6366737254	6.83317958013	4.22118643289	1.0074506177	1.94437841699	-2.13221687753
24.3707391611	8.20403903881	-0.179996291603	-0.0574464457211	1.83525759675	2.71229169301
25.6587574491	9.65936279079	1.50436636636	2.08388223291	-1.671092803	-5.99166911381
21.8605905973	5.24858189148	5.57272249608	-3.08574282758	-0.371236301013	-5.15638686125
22.898846897	6.60209288523	6.60877323105	2.03316470169	2.98332604134	5.24507387897
21.5393604403	8.01305022681	8.29644780914	1.8305941309	0.528575768397	-3.44945138683
22.9984758034	9.65673562233	9.3861345671	-0.293709780251	-2.53946592683	1.4961600992
24.5041726804	5.31059493533	8.03414381279	-2.93719928157	2.33633087864	0.173801416411
25.7582357543	6.69905418053	9.42385439563	3.18264643263	0.792464017333	-0.624540238507
24.3941825069	8.14688640262	5.55351205134	-0.246237889991	-0.50394357869	0.433151045739
25.802550577	9.42520515142	6.94764119764	1.58217166018	1.27530522951	-4.03605098646
21.8848919777	5.3224450603	11.034799385	-2.19915480658	2.89680928545	-2.1134087739
23.2107011295	6.71011383152	12.3318614402	0.382708172451	1.46944329147	-2.96574669534
21.8809623067	8.18577311532	13.4202816977	-2.18426849161	-0.54807332604	2.51713260277
23.2538627655	9.46829881164	14.7807699417	-1.28836062086	0.242259476371	0.507729285161
24.3501681102	5.30503426055	13.6182570709	2.71746122852	0.444578052596	1.39438456749
25.9610002054	6.78658491395	14.7777894724	-4.30446972533	-0.331626268341	2.78933197398
24.4966126827	8.21692591122	10.7200680985	-1.39759920532	-1.10561833121	1.26742030158
25.9587374756	9.34088949685	12.2436343471	-0.460922753082	1.22142094437	-0.0788082825939
21.7132100602	5.33389758495	16.1347530311	-0.645552832319	0.0603676120928	2.94306577725
22.9512491187	6.67962657642	17.7728461024	-0.288408426309	1.64597067659	-2.38924538
21.5388222391	8.00389576362	19.1201077383	2.1352613676	2.75718043134	-1.68753500593
23.0074133201	9.49050699216	20.4293933676	0.561711163315	-0.276529049482	-0.80274875552
24.2599530347	5.61008980257	19.2058363063	-0.713126484122	-5.25761041657	-1.58948055573
25.7743089672	6.61273370893	20.2065268628	0.915501436816	4.65263157741	3.10549895188
24.3573379364	8.13111963355	16.3030770768	0.545134580559	-3.42273796874	-1.25025325334
25.6530538121	9.31225232753	17.6222537998	4.1411980348	2.57884353285	0.192585248476
21.9198721377	5.39432997799	21.6281733058	-4.57534526455	0.863661974784	0.541001085191
22.9046435908	6.9736149837	22.926715093	0.784461155627	-3.8369687958	4.02146904519
21.715431495	8.06240880523	24.5973548053	-0.850336886269	1.85433966423	-2.95887947019
22.919177402	9.66705941116	25.650543111	1.18990581659	-1.14910293612	2.01883489
24.3286001265	5.43157744042	24.5286127511	1.34553775908	1.84409285297	-1.67285651746
25.8327812737	6.82857322168	25.945330247	1.5123886143	-1.50831413528	-1.82708850469
24.2529212003	7.9983771549	21.9008240061	4.68149266038	2.40915311735	-3.46815435047
25.8735908611	9.41316874085	23.2316054208	-1.48538882562	2.59575835449	-2.75769899424
21.6422348006	10.7925300356	0.0608808113237	-0.239454222345	1.36006763799	-0.757123127326
22.9713975353	12.2394236425	1.3639360524	1.80649329883	-2.027432468	0.844188555638
21.5963659194	13.5076442716	2.7606282151	2.75006615193	2.40541982662	0.314764566648
23.2763535165	14.8305296788	4.27238430829	-5.12189332322	0.815625641357	-1.88290933046
24.4994012917	10.6953840383	2.67964708404	-2.26878012	5.16986085789	2.23014329095
25.9328938283	12.1824905604	4.11539953114	-2.8884545567	0.711015793684	-0.0945558385169
24.5752928338	13.4061962548	0.0263259452552	-2.95589961386	2.03792562855	-0.137982045077
25.8906316525	14.788512601	1.25498618972	0.438530689477	2.70269453065	1.22298971573
21.6452035683	10.9425414522	5.4995703176	0.0387418937028	-1.54207548194	-2.95268788193
22.9248089519	12.3481398823	6.7312521125	0.8522167206	-3.54146172563	2.50468533579
21.5228044932	13.4249933594	8.0971240762	2.78653911602	3.3950996802	1.72623809457
23.2253755807	15.0502737835	9.38431351266	-4.95911766944	-3.24819634556	0.952712191507
24.3823020521	10.7113319556	8.00304742366	0.267531645083	5.16181006026	1.22714618429
25.956549679	12.3149702857	9.4790383822	-5.10421532288	-2.55309646303	0.311806894046
24.2891237036	13.5069862334	5.61262324091	4.16890697351	-0.90569090074	-2.67706957078
25.7848094923	14.9549122416	6.6321637192	0.223018954345	0.385250750216	2.83079672033
21.8040612776	11.0597762452	10.8678479323	-1.80680525977	-3.91812585023	0.638500541895
23.2400719592	12.1017941154	12.0528337214	-2.53123248359	2.58563994412	3.50307947601
21.6229034466	13.5051779176	13.5732845232	3.82274283517	2.47940075871	-3.22471410146
22.9928181742	14.9440281188	15.1214201191	1.24631657257	-2.44252842871	-4.60316871102
24.5130786784	10.8545960711	13.4691940655	1.30196770254	-1.11969311049	0.053544928275
25.6328038917	12.172127945	15.0439270896	0.521018595525	2.8229134535	-1.9073612274
24.3111449732	13.5327273897	10.8369776269	4.3589111544	2.11774291147	-0.863319418202
25.9436703755	15.0589564287	12.1313873407	-1.32122692851	-5.12804214317	1.74613504279
21.8681069434	10.7832920654	16.1750892386	-1.2836080333	0.90573071967	1.33326904982
23.2033713633	12.2487139655	17.6462779291	-2.23494638304	0.180390872833	0.166055641162
21.6527380104	13.7139903683	18.9530082708	0.384543327848	-1.15573138905	1.69282236651
23.1062310374	15.1050090635	20.5162520447	-1.69576676437	-1.18081802292	-3.42002098825
24.5629213156	10.8870841532	18.9569151759	-2.67044457684	-1.92467234354	1.22451809083
25.6378458227	12.1141739037	20.53215153	0.261900796704	1.28887667826	-1.35196417253
24.3990285042	13.7762162638	16.4057769144	0.209833248893	-2.03352716925	-0.733634693753
25.6150283737	15.0660614968	17.7517551442	3.88535393445	-1.44316487163	1.50675355253
21.5283186006	10.7478893586	21.8443681969	0.702482249913	0.51787721171	-2.24629031923
23.0312429473	12.149777298	22.8988345381	0.966851559657	0.994991175003	-0.338664701444
21.8576554464	13.4437677679	24.3289509232	-0.993556686811	0.0601006467927	1.93210987657
22.9862235492	15.0563199369	25.6351763366	0.781685220675	-2.50032968073	2.25234687287
24.3035386982	10.9723710529	24.4097178762	1.65237331501	-1.31572785998	-1.64957082975
25.6544105616	12.3878992127	25.6187454383	1.87112831134	-3.13931496602	1.90534316274
24.4098588262	13.7491037633	21.6195185184	0.533899764607	-1.48654582719	2.83136062001
25.9434779464	14.9450500348	23.0732642506	-2.48143134514	0.13250284917	-0.193393304636
21.859183708	16.4053947204	-0.00590775475959	-1.31451295437	0.00519444696307	-0.642168246288
23.2542627716	17.6585255409	1.3465803766	-0.312750310517	-1.35803522598	2.49319893386
21.7357412936	19.0744631914	2.58693916462	0.994019456884	-1.78292079619	0.471602232432
22.93814764	20.4228238402	3.87921699213	2.88449665163	-2.05869687175	2.13509567354
24.5929989231	16.12737081	2.87581930671	-0.341681429256	1.22333823027	-2.33769234199
25.8258207583	17.6835864376	4.15987946908	1.30672897474	0.229672774662	-2.37830005921
24.4981077067	18.9657880768	0.0888048443426	-1.91281249006	1.00432303272	-1.76841767173
25.6496017987	20.3027358548	1.27545827019	4.94894644451	0.611215953739	1.47117830185
21.6883891235	16.3786775463	5.51871315007	1.58572778835	-0.0373495586289	-2.6840391937
23.0987417589	17.836663511	6.76643215501	-0.413248224816	-2.79806719259	0.432139966741
21.9163522118	18.8918770393	8.34534445038	-3.43335994678	1.81053965586	-0.349025047795
23.2195594538	20.2484580225	9.67668490851	-4.21321834068	3.54816489943	-0.485962108199
24.3161573436	16.2847605865	8.10998138837	2.15020029718	0.560423542214	-3.04514538426
25.6758513923	17.5286127679	9.36276617093	-0.27977479529	2.04727914656	3.70546121007
24.5242342796	18.8739103369	5.41772340243	-2.32776320192	3.44966064799	-1.67967497954
25.7245405838	20.3904323511	6.6225627853	0.31397384393	-1.88135073645	2.38901117225
21.7668555355	16.210290268	10.9935309433	-0.707734736528	0.365690284789	-3.38730166705
23.1318575523	17.5567779015	12.066592889	-0.883400148372	0.692246416326	5.15799409555
21.5440642461	19.1093406991	13.5189888007	5.5242256619	-1.79822104211	1.75597835889
23.2272345201	20.3856293232	15.0825696007	-6.11116712516	1.34265947371	-2.13718359264
24.5405682377	16.1016831574	13.6004746606	-1.98480378327	2.37134510009	-0.0782284856702
25.7459236237	17.7602766952	14.8467477934	1.44102646508	-1.9472931915	1.07921175635
24.2684390596	19.12243156	10.9387049528	4.73506096354	-2.53972873948	-0.758604797796
25.7446621273	20.4840352134	12.2201095271	0.232692519634	-1.08537782076	-0.524263801581
21.8839360495	16.1093046361	16.2549118499	-2.90786555189	5.31557999597	1.29821162082
23.2774042966	17.7260001538	17.4561872284	-4.31203092609	-1.02473157217	3.46320604294
21.7564358271	19.1270621215	19.1056489188	1.81341227493	-2.84554542618	-1.41785764826
23.1847091541	20.4170158035	20.4494132402	-1.66615055785	-1.63148017531	-0.842054542814
24.420400614	16.430003055	19.1334661459	-0.198688909645	0.479168200301	-1.04658218718
25.9334937546	17.7290743934	20.2646270805	-0.232678195762	-2.65955876052	4.08036057661
24.2431537315	19.0200638223	16.1525895543	5.33556935599	0.283891432433	1.25681175609
25.9122315615	20.2668219572	17.5624941838	-2.44021605664	-2.53130771085	2.38193501981
21.755608979	16.3284918435	21.7651961325	-2.58811809938	-1.79402515324	0.477495895831
22.9831539586	17.6094796937	22.932048402	2.51214169346	-1.02035733578	3.61374558384
21.8991246255	18.9279552847	24.5160827724	-3.86170255495	1.64267824043	0.0373191411615
23.0551076508	20.4820335672	25.9245255045	-0.0903213048025	-2.35475620584	0.325243319372
24.4857312946	16.1638214637	24.6061060264	0.804519618	3.16612232007	-3.34830703631
25.8155086713	17.6879756685	25.9546306316	0.259919729395	0.0419512422228	-1.97942056247
24.2759504977	18.8835646554	21.6519186197	3.4993657872	1.41649183459	0.394528879372
25.6703692769	20.4715979577	23.0113153867	-0.873892044981	-3.07864358936	0.872666469056
21.5372760189	21.882487205	-0.128357653054	2.69307260711	-1.0174722705	4.22798432357
23.2450064647	23.1353766738	1.52375089997	0.40943387827	-1.87497271639	-3.99652416409
21.9190036889	24.2944867118	2.71514525219	-3.25116149529	2.11955453195	0.373980950831
22.8951174148	25.6181596189	4.22718765197	2.69720057086	2.71570082227	-1.898607058
24.6039187366	21.5716226844	2.75394678254	-1.67506996941	1.86431287059	0.418495655589
25.8727624714	22.8803350552	4.26652685704	1.06593621142	2.30053514117	-3.42495648885
24.4422816147	24.5532809204	-0.165527187068	0.0212319175375	-1.0821836109	2.82737965763
25.8374615499	25.659362778	1.5440782896	0.128626644606	0.0331784622891	-2.67419931503
21.8331981195	21.5315028143	5.53265113151	-2.21271833093	3.29081166609	-0.867534156427
23.0598757128	22.9556929696	6.98038066272	1.05560642882	1.61487518023	-2.652104394
21.5761824967	24.5575011385	7.96349928275	2.35803045249	-2.88740322799	1.14118294374
22.9077623441	25.6307283098	9.43576276235	-0.415792434515	1.57352187071	1.9957559103
24.4473776827	21.5685224983	8.23254051039	1.74962851906	1.74177833226	0.176238726265
25.9500026695	23.247357359	9.32458557594	-2.12839086249	-4.3187934128	2.73359662855
24.5333547395	24.5094814457	5.3075088887	-1.54309689966	-2.44251825992	2.40997079482
25.7088720476	25.9246766522	6.62717750185	-0.514710592387	-2.05063422155	2.78669086327
21.5579544327	21.9053134948	10.9102594917	4.50009609895	-2.21718079372	-1.08849127815
22.9826530639	23.1995944601	12.1996452072	2.8109798114	-2.96494258654	0.171168491036
21.7578314431	24.2395954746	13.6335380495	-0.124563467823	5.04697898821	-0.347848915308
23.0001381678	25.8296677936	15.0323978728	2.73479754135	-1.25456033129	-1.25564103671
24.6113883187	21.6028000074	13.7473603985	-3.02016500143	2.34531280191	-1.49659369876
25.8308261574	22.9112730944	15.0455387468	2.16076414476	1.68420364131	-2.35818344765
24.4262263597	24.3997640917	10.7167096664	-0.0181047115897	0.995303752242	1.24754991521
25.6465633375	25.9545817595	12.1998279571	2.27854049667	-3.89495302488	-0.931152415816
21.560189205	21.8104614087	16.4812010413	1.3459489174	0.679675207407	-4.82453023799
23.1032186026	22.9447957436	17.7227397166	2.03167106083	1.20573794996	-1.93870076948
21.8859413231	24.3871158954	18.8648222035	-0.14496221093	1.79510366805	2.78867583079
23.2698812224	25.8995970647	20.3818778133	-2.36572801566	-1.31209178715	-0.0695564589642
24.4054962765	21.5532017042	19.0456277715	3.57411582967	2.35244986328	-0.0312396273539
25.8362540944	23.2435328044	20.39980206	-0.912651267898	-4.51962304537	1.5028610121
24.6281719107	24.3313403909	16.2366226714	-3.93588783448	0.0448875782392	1.04490466233
25.9289591802	25.6345914614	17.5438218787	-0.472140051542	0.749093756258	3.11059995618
21.7361312362	21.6245221547	21.6091435667	0.28277198287	2.72011465479	0.585283985032
23.1709246899	23.0982250878	22.9245226506	-1.56620421305	0.0357696139221	3.08757954485
21.7518950409	24.6147428527	24.4375467648	-0.364501313323	-1.14717868761	-3.44207324027
22.9204660641	25.8764979978	25.7885120885	1.87978037672	-0.647413336366	-0.0276105850617
24.3489082932	21.6369883593	24.5800194396	0.636329603523	2.41374971124	-1.66331332971
25.7834505178	22.9509234656	25.9487465363	-2.5695750119	2.2655145324	-3.78153354574
24.6118924308	24.6022794373	21.899145471	-2.57813804323	-2.33081705151	-4.31751612598
25.7629632371	25.6305883103	22.9864593296	1.59549231729	4.76980857279	3.36317130588