-4293.84251824
27.152488853
-0.0204097088304	-0.148990948057	0.0744521309844	-0.822787891981	0.899255725597	-1.05592273995
1.17276712969	1.22532151033	1.48736162335	1.8932033174	1.82916219226	-2.24660282887
0.115799172103	2.83474433238	2.75089217057	-3.00628257874	-2.77701995927	-0.299315947715
1.33979099819	3.98424567617	3.89322370221	2.73672174721	4.9087393204	0.466509444121
2.70317036545	-0.0191954854646	2.54568065179	1.94397183154	1.26906263491	3.3015920869
4.17098407089	1.47326745464	4.10006081013	-1.16824136858	-3.75340480528	0.362542214903
2.62454165472	2.778397861	0.132067635908	-1.49803064712	-0.619649394099	-0.518862012473
4.10087617338	4.13947389812	1.31214877467	0.600467205613	-1.07097802896	2.33377407698
-0.0570111493905	0.0919872457101	5.55954791644	-0.249544863896	-1.22774601672	-1.77373345213
1.53003527339	1.28296841191	6.59145683212	-1.98394905783	3.06004199062	0.687720765119
-0.0868315793634	2.57085470891	8.04479863048	2.7589718355	1.51343326828	-0.151170658662
1.43597385873	4.05841826643	9.46641902526	-1.88118530168	-1.18414120079	-0.981801008383
2.63502281264	0.0959895459444	7.97340619045	1.36588872791	-1.38893198679	2.29560182875
4.10029002873	1.38925744474	9.37256197846	-1.07432469785	-1.27262556296	2.37507252151
2.70784419222	2.89581922995	5.27698367525	0.693585061252	-2.05458171821	0.868960316099
3.94568567086	4.18450701412	6.76524811545	1.55645399861	-1.62254845812	2.28952649638
-0.101659526332	-0.170895401429	10.8273161578	1.0710472562	2.51076138819	-0.383549639871
1.38655933041	1.37387005963	12.050613613	-0.570620340478	-1.24572576276	3.88084610863
0.0603413454796	2.80464756934	13.7698003372	1.1542911374	-1.02155882178	-3.1165260944
1.3680778474	4.237782296	15.0596620223	0.997378392988	-1.08414462847	-1.10467949242
2.83081941496	-0.148602540631	13.7042119845	-1.85163165642	2.57690552685	-1.65216643645
3.97683799069	1.41474302728	15.1276643693	3.12518211894	0.0821591949661	-3.42565609115
2.81407936494	2.75105893172	10.8779861393	0.381034617065	-0.162697772786	-0.950865903989
4.20877912504	4.06899983833	12.2827868536	-1.65368644432	1.09492303319	0.181637159767
-0.174730450684	-0.100839550341	16.3751019212	0.131138936837	1.87103508076	-1.49799162954
1.19019578837	1.47374466782	17.5025991193	2.9447998837	-2.01101078703	0.219437619632
0.0690693053831	2.61304334818	18.961174905	-0.454246084484	2.19455758076	1.45904805687
1.48197087324	4.15303684563	20.2761357048	-5.19759793668	-0.697810771364	2.14398999951
2.90379542762	-0.0550597721695	19.021508093	-1.53011462501	2.23449396473	-2.13021724791
4.22475094533	1.42192584042	20.1805660552	-2.49999122957	-0.675370654219	3.33050731657
2.76040406328	2.85703585359	16.2329905578	-2.25691768799	-1.03879185814	1.77830772979
3.99181915396	3.99479032018	17.7091377737	1.58076746133	3.50329931111	-0.543989869982
0.197794604027	0.162711172776	21.63665576	-2.09858442948	-1.6506349975	-0.923277406655
1.46827883878	1.27340919083	22.937877134	-2.25866387229	4.14777710073	1.18884984181
-0.192058603416	2.62828947935	24.4150565698	3.26567465086	-1.23822012275	-1.10693697386
1.22019522937	4.13282646645	25.6375361342	0.497723101116	-1.60716609735	1.67855628837
2.59235126384	0.0198358046667	24.2444685508	2.54434558371	0.0967499708711	3.71376818263
4.10074521733	1.55018203063	25.9109393498	-1.19470615453	-1.12270027795	-2.60300255159
2.71447218709	2.76479560303	21.5785972662	3.16574189132	-0.047826553982	1.64757241938
4.22952523192	4.10161437474	23.1525608046	-4.45245782018	2.01383649639	-1.95233497477
0.0615484059671	5.40286619253	-0.0465487275704	-1.71926060471	-0.405728575636	1.20117271434
1.21244935906	6.94551275773	1.33739977694	1.48445543174	-2.10018690471	-0.159628490384
-0.17312540848	8.00393033282	2.81156998865	1.4902499537	3.91680553383	-0.242092205534
1.47230339894	9.68382780402	3.93479683728	-3.78578178861	-3.77706865991	2.41574353366
2.82795323956	5.60853095922	2.59711638319	-4.21342738454	-2.44186307084	-0.455508219127
3.90723344932	6.77085627513	3.9654097872	4.54765861476	0.405170878081	1.21116974943
2.53541293639	8.12825537701	-0.177843493888	2.35075694938	1.20718746919	2.56717513785
4.08078493392	9.47210526322	1.55132098752	-1.08887334533	-1.53630573767	-3.0475595396
0.192766535947	5.34882911231	5.49514048971	-2.14357445821	-0.43993605686	-0.904480438667
1.41239641668	6.81744526522	6.76243512369	-0.437737667128	3.33917542936	-0.623996676122
0.0897627425445	8.26948995497	8.32864370872	-1.39691883712	-2.42053500925	-3.14572504225
1.2366285748	9.50294319706	9.49945915567	5.3961260443	-1.8417410027	1.66024374367
2.53987552246	5.55151933163	8.09961742949	3.76108894488	-0.264623351053	1.74463768386
4.23626368098	6.78479320476	9.53618874349	-3.96984505175	-0.0671425649829	-1.13892741856
2.85851840079	8.22729639468	5.23430432918	-2.20378775403	0.568640150486	2.40717821213
4.24632700763	9.64933876149	6.65802955274	-4.42293306708	-0.775708412456	0.96588228931
0.14173926806	5.48780567407	10.8006919757	-1.75974066812	-0.178227365272	-0.631670258708
1.32064270848	6.98390894494	12.0612562992	1.29963655383	-3.61586313361	3.56928510666
0.00232806007877	8.07879848525	13.559053729	-0.880282454503	0.0876751686661	-0.975942435522
1.32560793959	9.30798138242	14.7724277101	-0.552768040871	4.4646567983	1.03885464232
2.73968143483	5.51484741827	13.7107080779	-1.41572551871	-0.138228831897	-4.55602032314
4.2184639426	6.69014395737	14.7340213743	-0.213034269602	2.68194317465	3.6378191345
2.79829475665	8.12575342194	11.0315999705	0.235138990121	1.65288153204	-4.67826457508
4.18736241957	9.5806692658	12.122964436	-1.77435190398	-2.29102872597	4.61129950951
0.13658959732	5.43144658551	16.3616403976	-2.95366324408	-0.512650411579	-0.0473011592654
1.4199625211	6.70057745399	17.5444017783	-0.680096667771	2.3777574311	0.7772089263
-0.0336475071222	8.10654565051	18.8512144626	0.384507601762	0.456188850941	1.30133188544
1.47597350212	9.39011354837	20.4296942815	-0.363768279685	-1.54178825691	-3.70904596319
2.51575014	5.40501670845	19.0182708853	4.50113516968	1.00056633863	-0.338601243465
4.01683643074	6.67494790706	20.5432731528	0.951906920292	-0.252032916173	-4.11514187684
2.59923582512	8.32354388167	16.2500908441	2.76398337443	-3.34702027361	0.143876062724
4.19853116027	9.37614883607	17.7276825496	-1.09623550599	0.799967230624	-2.29373242643
-0.129448704704	5.6019350297	21.905483281	1.39733101843	-2.75907242219	-2.22479243468
1.35729726835	6.60877591659	23.2620594718	1.54814611846	4.25592011834	-3.20432074235
0.148907333163	8.27165764885	24.271079284	-2.46152970295	-1.47710056651	0.183601125365
1.20840679349	9.38858410547	25.7865803472	0.383538538285	2.23858407016	1.02390811559
2.62726873449	5.57090765525	24.6023195185	2.33758986338	-4.41770587527	-2.27087153578
4.05331850572	6.62011092074	25.8652677579	1.48152597558	4.39306735916	-1.29404985336
2.87366168464	8.12260820592	21.6816329461	-2.23129963222	-0.958250244686	3.91291915044
4.19068411724	9.56812105881	23.0235784156	-0.924337080279	-0.476835857279	0.323053044817
-0.12370786416	11.0460847578	0.0356021587752	0.0192012712936	-1.46438439493	-1.38565240159
1.37623588333	12.1788358705	1.32416846582	-0.462552000028	1.09811525225	2.95650659914
-0.142717468073	13.5839858002	2.81144419014	3.04668840698	0.673500801511	-1.7001820884
1.51407859494	14.8973088255	4.09844530175	-5.44772299315	0.938322866685	0.895205868066
2.77016497773	10.7871182114	2.8509587341	0.670954488055	3.49903359724	-2.96882157082
4.20190493519	12.3504835402	3.95162662574	-3.70074145437	-3.35441575826	5.01766466963
2.71242762616	13.5819381918	0.014122624512	-1.82022623846	-1.32746993525	-1.83244198867
3.94054770904	14.8009719339	1.15821062703	1.65502603161	0.641899213747	5.4304998531
-0.0828032478949	10.7716688571	5.55156150978	1.31787066104	0.828542448311	-1.93203490964
1.19834297512	12.161173036	6.87015065917	1.72781154397	0.177528855012	-1.62079572026
0.165754410654	13.7598101011	8.00686467036	-1.84189827338	-0.858874878466	1.20636629568
1.24531099975	14.8866074998	9.64632106031	2.09866430288	2.92699213397	-2.52923841281
2.56310737714	10.8204964857	8.12575338924	3.53292229312	1.31883124033	0.635589898156
4.21507126865	12.411389068	9.46132040219	-2.14261691487	-2.3454608329	-0.929268186777
2.59941584207	13.5467675643	5.46046661281	2.89215825451	-0.738161431449	0.554556932196
4.08797192097	15.0180995245	6.77238642178	0.649475329975	-0.193296396197	-3.13291764421
0.170445637716	10.676896054	10.7600998545	-2.48679059681	2.92630857934	1.3188039127
1.23372691336	12.3455697423	12.0777892362	1.38010149674	-1.35459195821	0.447496362701
-0.051085813361	13.4064215346	13.7373168774	0.322422488526	1.80953957225	-0.603479170997
1.42486831373	14.9201158883	14.9410517709	-1.12015208879	0.518433222525	-1.74966766226
2.62374406831	10.8988030437	13.4479867191	1.5810015214	0.716046947118	1.62480478167
4.1311746403	12.246389508	15.1178597864	-2.88522930795	1.20398870994	-4.95588305339
2.68624494157	13.6703409383	10.7546655883	2.19143232781	0.502153661316	2.86629338491
4.12844562323	15.0444541868	12.4046071478	-0.327945834883	-2.6652463444	-4.63464499877
0.0127773052852	11.0093767948	16.4794169083	0.16655481701	-2.97943923019	-2.56950269306
1.22762837632	12.3711774451	17.6151841244	4.44853065643	-1.56730908322	1.59770812315
0.122727604333	13.6051898517	19.013225393	-3.03181362708	0.0493438177993	-0.31533600402
1.22682138491	14.8015260724	20.4365047305	3.43324899253	3.21078583462	1.55047185385
2.78781630414	10.6633564488	18.8929330939	-1.21487148104	4.37848291817	1.7628942574
4.07097365983	12.3606287086	20.5320847624	-0.919015754545	-1.60120766592	-4.26452332395
2.65593444196	13.7206214646	16.2897803601	0.0694341659659	-2.71198326625	0.467748158178
4.21933059434	14.7354284025	17.4869929265	-2.96855444999	3.41570282955	2.53008223269
0.179910642935	10.683729398	21.540160883	-1.59313429496	3.4111706033	3.1945468251
1.37985784556	12.319783737	23.2454495153	0.670056495347	-3.82972898025	-3.02713559127
-0.190209716952	13.4506002733	24.2481174184	0.780350902915	3.12755293628	1.5403074433
1.41215916272	14.8553116733	25.6271477987	-2.67215677363	-1.22091199245	1.18240478436
2.67135132227	10.6904228835	24.5077101499	-0.0548554312276	1.1973917127	-0.307726509807
3.90810617685	12.0697395268	25.9923056918	1.54808279644	1.20350901385	-2.14438214862
2.89280485848	13.5639407789	21.8671125814	-3.81247537721	0.917193683196	-1.04355168153
4.17483954843	14.8601762463	23.0227913242	-0.17350957572	2.08962363577	2.39856289136
-0.195380857043	16.3346495843	0.173821220878	1.64579382709	-0.583696226872	-1.14583012733
1.43754575679	17.5424209804	1.31582034865	-2.64151937618	-0.0255254181593	1.74887626538
0.18048922016	18.9131228123	2.84293638923	-1.81536548868	-0.261388053653	-1.72045960771
1.43706650186	20.3913824893	3.97240171692	-2.40817867871	-0.162753968244	4.33869620115
2.57930071511	16.2059545123	2.71675113886	4.35510386819	0.772292686861	-0.611689011112
4.00774294992	17.8093419135	4.06666279379	-0.986721825774	-2.1598761629	-1.24442921211
2.5661655396	18.9271513882	0.0950843467544	3.37942919684	1.9001728863	-1.52443047237
4.12696618409	20.5210821991	1.32670922079	-0.81038680281	-4.52220318465	0.892086181286
-0.155122678574	16.4095927595	5.48718269365	2.22836850582	-1.93733969289	-2.05410246574
1.16901797663	17.5642903876	6.91794869521	4.22048452685	0.626187074048	-3.25691288149
0.159376691721	18.9009655311	8.06132554431	-2.16015772813	4.0611758661	2.49395716247
1.35728977954	20.5174430008	9.64827716721	-2.86444057908	-3.326501749	-1.41206633345
2.82575513736	16.299350459	8.03804645131	-2.88556230587	-0.0757593379158	3.50349629928
3.87389987469	17.8313124146	9.57831949213	3.65358362595	-4.03978400775	-1.0774585286
2.77713796991	19.1319730013	5.50802805111	-2.93016299909	-1.92901891018	0.0639210872022
4.09876848902	20.4404861384	6.69996428915	-1.26225493361	0.986116056098	1.95029878285
-0.0914883213073	16.1335822479	11.0541447311	0.403463515157	2.15447985634	-1.38130827992
1.48924582731	17.606871169	12.1778114973	-1.79747157425	-1.01304948813	-1.04679300797
0.15746553121	18.9221430447	13.4405401545	-1.83417284896	0.546794118	-0.276525149105
1.25918491244	20.2577459954	14.7731057143	2.09188882634	4.51671296355	1.80163801772
2.72763347739	16.2060220868	13.4131591827	0.332713617772	2.31902815333	4.01575020904
4.06780869009	17.7712640753	14.8860554502	-0.39525102052	-1.86968935416	-0.758132778027
2.54693177174	18.9328492407	10.6678527272	1.65388186439	2.68636118472	3.95624994745
4.21244434238	20.3947554746	12.1799474306	-0.57202550975	-1.51322186905	-1.44154918205
0.141014457154	16.3976849809	16.1888349288	-3.06351434824	-1.44808449032	-0.700900233488
1.27491958819	17.6479248686	17.4648534109	3.78837480942	2.49931822131	1.97104461455
0.0510734807843	18.8249590149	19.1770031568	-1.90727050382	-0.261075580387	-3.22545630711
1.15985669396	20.3214462246	20.2144701083	1.45169565486	3.6332741794	1.68181101517
2.83475068252	16.4660378784	18.9997847687	-1.49764193835	-4.11219653048	-1.34213271631
4.07618927298	17.5951881777	20.5483179461	2.31498150889	1.65393337003	-2.21147764126
2.8924419932	19.205784593	16.2504425856	-4.00978974466	-2.67753439413	-1.04884171528
4.10755510588	20.430246546	17.4593300648	1.87291426579	-2.2515239221	4.0062131163
-0.165115713902	16.3056638705	21.8872711706	2.04023416747	-1.42341869517	-2.60842081855
1.38618021705	17.5471893591	22.9660794627	-0.49072406199	1.98719055656	2.78260904017
-0.0919902981233	19.0879568197	24.3787323663	2.30788991712	-1.15198804373	-0.640462827117
1.37045763682	20.4464611828	25.6969722266	-1.39320955937	-2.51474826197	1.64857752556
2.73964572845	16.2257341681	24.5554582082	1.41892176218	0.51474376834	-3.02917796953
4.22993976553	17.4533749473	25.948804869	-2.37267573249	2.14192022613	-0.826668453756
2.56595386771	19.0444429278	21.5277361667	1.32371864679	0.516686803645	2.17989366678
4.0473256275	20.4755018622	22.9264789155	-1.5014733125	-1.67989734471	1.59057933646
0.143627298328	21.5678224478	0.177892642468	0.0489664714272	1.04891500905	-1.2527912001
1.34812776204	23.2483786077	1.31422552847	-0.447917431295	-3.61963535763	2.85047291985
-0.0943980597359	24.3494606109	2.77789123696	1.78292162465	2.09139324893	0.490326996876
1.42791878749	25.8792854116	4.05035880729	-1.25941201892	-1.4723069911	0.435531037277
2.6245467007	21.5787086104	2.73721208957	1.43762700698	4.97733432054	-1.39469320174
3.96937318842	23.178182503	4.13618909086	1.25226734383	-1.52540604207	-3.86446388625
2.56717087324	24.4289837485	0.0640166022016	2.71479247858	1.23483366092	-1.85855389111
4.08379790127	25.6530553266	1.55011596845	-1.35754394165	1.44288363735	-3.45563768418
-0.166977490239	21.66718698	5.54638617771	2.39927143732	-0.590132589388	-2.43029274226
1.16071196312	22.9329304788	6.95064905419	2.54042293242	1.31999337388	-1.50884965083
-0.0759940537194	24.5847199506	8.03982079849	-1.19765290641	-1.43677260127	0.764628147129
1.26323620269	25.7941425884	9.43957319406	0.158082980656	1.21359268632	-0.916853245654
2.54067558319	21.5382929289	8.34368038483	2.8560032882	2.06947613084	-2.85168144477
4.08345567186	22.8852835096	9.6038293888	-0.960106149566	2.77911620811	-2.15551560938
2.75158653848	24.3355099293	5.41488095242	-3.60819860188	1.0544420782	2.74828096771
3.95507953572	25.7516759017	6.93041965221	0.737187123331	-0.146410620357	-1.65032816612
-0.109509953683	21.7669975136	10.8716751159	-0.843312162991	-0.613274946397	0.0420341471431
1.32981776371	22.9769863519	12.0665378749	-1.38475018341	3.25319223546	1.7778588971
-0.126368898192	24.5440571745	13.4700429674	4.38578684742	-0.411655571842	0.911091008645
1.41277084745	25.8837923115	15.1159951223	-1.04711299563	-2.64074114746	-1.76052482418
2.8488158835	21.8398266421	13.3871891693	-1.66091572788	-2.53672916576	2.4502585282
4.17061204292	22.9352311072	15.0516987529	-0.605231832379	1.97405178553	-2.91599566004
2.53222165967	24.4270476111	10.7063625884	1.62707415793	-1.2709979483	0.44649203548
3.93279563428	25.6754625554	12.1167946903	2.6854578144	-0.237465397126	0.926382632299
-0.152319968248	21.7802797391	16.4135646163	1.26428556857	-1.74000384065	-3.50581156517
1.20598440178	23.1574310915	17.5340622306	2.95330234611	-2.84691941249	0.954037216783
0.0673114573261	24.2953017171	18.8866552086	-0.428277804134	4.53548931097	2.65918363192
1.55493951046	25.9935260412	20.2915908692	-2.4063469691	-2.60486627767	-1.23461163838
2.79550469935	21.6647292067	18.8112299072	-2.52842576207	0.991169523587	1.60068402555
4.20289578356	22.9194166028	20.3817284573	-1.07569270118	3.51122347566	-2.6108364619
2.8300506996	24.2804438802	16.326697236	-0.80714931676	2.47726792392	0.118004654009
4.10988254313	25.9031204222	17.6290271305	-0.0290273870924	-1.91103144255	-0.852610631183
-0.095739520099	21.8241159234	21.8970653702	0.637539228686	-1.43747854235	-2.59820213032
1.22747925843	23.168817518	23.1720516921	2.96491644084	-1.38634078378	-2.26037637818
0.0105584918406	24.3026328149	24.3255927504	-2.31550329141	1.63307249409	1.96235903127
1.21520161883	25.7170836097	25.6383152509	1.3388732734	0.547881666793	0.667274764388
2.56168945117	21.6693957932	24.4815457157	2.3884575605	2.22211060181	-2.53531522824
4.12166255194	23.0919960837	25.619866172	-0.822830142984	-0.838195115661	2.56208959625
2.67916258272	24.465617837	21.6316564712	1.05885757008	-1.66934102651	1.00680929701
4.00679139013	25.7102226263	23.2093933045	-0.796081696218	2.07252046946	-3.45354655223
5.3635265524	0.156271424742	0.167350495961	0.168156954459	-1.0899183929	-0.510611594297
6.84506789733	1.51727719503	1.31391263715	1.06640054368	-1.55113945764	2.74607390415
5.50167492798	2.74672423254	2.89817019429	-0.136301494862	1.44918057753	-3.94696187439
6.95244717395	4.12314316637	3.94367265878	-2.4160385951	-0.1045949608	4.90420763965
8.27000721726	-0.0298716393974	2.78526940802	-3.82856144182	-0.23476050083	-2.76311969662
9.32643541647	1.17098548246	4.03616132306	3.69301420332	2.83839738651	1.8014468698
8.29529930745	2.86552550207	0.0340640172706	-2.47505498423	-2.11416637065	-1.28115473494
9.37312285899	4.02171021347	1.30940918455	2.83108810176	-0.596370141533	3.45652574917
5.55564008886	-0.0841662620174	5.58854634973	-3.02821195953	0.371394965792	-2.17711467074
6.82215453043	1.23368893161	6.68541976509	-0.2802142322	3.59194094693	3.44612245358
5.43499489141	2.66887944	8.34278581129	1.30103518742	2.15257130576	-4.78905697251
6.79158429122	4.21330980828	9.68780196806	1.64852589974	-3.41518649234	-3.53928505249
8.17196821929	0.191364936746	8.28130011572	-1.37257196494	-2.04496096368	-1.43164484546
9.31214295919	1.5408475309	9.45845461212	3.8223993772	-2.37446391936	-0.688938583941
8.2212574654	2.70193937221	5.4512082731	-1.3339506079	0.459004365882	-0.760707030019
9.35571739697	4.1947919371	6.89912543086	3.30556974317	-0.852945226258	-1.99270634043
5.5360280687	0.0896339280057	10.858750165	-3.38914411603	-1.53079104599	-0.865975514283
6.60122988718	1.33772016178	12.2302286777	4.49007164251	1.57026405589	-0.108082124769
5.5513570924	2.82084052072	13.6745475762	-3.58295810187	-3.11816188022	0.257524312201
6.75031359724	4.02089486468	14.8998621961	1.37382824613	1.89052908248	1.68050103339
8.32707039775	0.0662427397044	13.4073647291	-2.63636003161	-0.648400292055	0.444398770967
9.50807764178	1.25535372157	14.9380992496	1.80174733292	3.74601197561	-1.74386954739
8.26034578066	2.60428688918	10.7087286366	-3.02121260742	3.08110399079	5.52359227167
9.59335429683	4.16542156472	12.2277837074	-1.34279283276	-2.59652897397	-0.899360998007
5.42535738961	-0.135798793069	16.1998019854	0.709500268526	3.33739338545	2.73263261008
6.94890244575	1.49982378241	17.7531919417	-3.2195065732	0.371853540436	-1.60717673042
5.33191504777	2.82150716741	19.1749776525	3.81986767235	0.283070558347	-2.88575337257
6.88519210536	4.18324431038	20.4374489797	-1.44672683013	-1.87517971721	-2.08533041734
8.12831786251	0.0908935252945	19.0331596973	0.992623678736	-2.45393578884	-0.957894859927
9.54298715346	1.2177990907	20.3348994609	-1.07080347216	3.10823994062	2.25788981391
8.23109046359	2.83852537161	16.1732119577	-0.197329134341	-1.19109432501	1.60366965718
9.43085814322	4.20418101687	17.7700069057	1.41145776281	-1.77469830046	-2.12639484338
5.43961446344	0.128353459406	21.7133559759	-0.0622251845064	-1.06176665935	0.599613791664
6.93274198673	1.43225742074	23.0033797951	-2.97032761937	-0.276959239095	1.14983181383
5.42520570717	2.85980753103	24.2578096442	1.61161041478	-3.26135449581	2.79994185313
6.67568554051	3.91615040438	25.994079781	0.557291001583	2.75170679274	-1.87848156805
8.19457468935	0.125132644558	24.4356510622	0.511510411649	-1.22234237571	-0.203416612542
9.45673119173	1.52801615783	25.8071182525	1.94452612789	-0.839314685819	0.0780817458566
7.9622301274	2.82169809067	21.7503757614	5.26563140285	-1.32339194395	-1.61427998598
9.46355384969	4.16770028584	23.043587753	2.50963198537	-0.10006018466	-2.49152912297
5.2818480991	5.60581216915	0.0559739600672	1.61133676865	-1.46942575488	-0.620148798574
6.6773544165	6.93627921458	1.32112481918	3.10911813216	-2.83460915207	0.0369730038966
5.54472390556	8.05288321704	2.70141026508	-1.16096098216	2.42971461522	3.00896827834
6.90047708771	9.66003475915	4.10116799834	-3.24189564208	-3.29111036364	0.870843586763
8.21845573387	5.29160234906	2.7279626554	-2.25131864083	3.20322076197	-3.20124208015
9.52830569174	6.60186830421	3.97170148393	-0.70125686258	2.16461863598	0.776207087129
7.95472862914	8.26745166664	-0.188447468175	3.40132932406	-1.04113468326	3.39956860637
9.65738059092	9.39739594119	1.50437155863	-4.91586516451	1.69783591334	-2.93538079068
5.35571043458	5.4832747206	5.51660270357	0.119821659462	-1.75048583432	-4.2921267356
6.62186764679	6.71301931846	6.71566715509	1.46679873108	4.5245665655	0.372658510041
5.26259430178	8.29290524631	8.11217218577	2.73421365963	-1.46575770584	-0.262560058058
6.60249231841	9.67527032163	9.50089085969	0.808617121181	-2.03917422615	0.452014048732
7.95241082809	5.50311580986	8.08252203611	0.148483717052	0.12035207902	1.7488540509
9.31844521631	6.93932604461	9.3825358008	0.710883866664	-2.63004187033	1.71561481568
8.23397686718	8.16705453361	5.31895808621	-3.09965590036	-3.34519381508	-0.323782627783
9.32459005658	9.35063919063	6.61471857126	3.10476631058	1.66638198721	0.834222753629
5.47723512627	5.26846109035	10.6614305795	-2.20550383384	1.36704640003	2.9311805379
6.61121709459	6.60763865297	12.0191426717	3.7476767424	2.19042495289	1.40073438766
5.61351869917	8.13714838489	13.5824960338	-0.580242346745	1.51246913169	-1.1261859344
6.92989445007	9.57587678775	15.1125019383	0.815213537216	-2.51085238777	-1.54366448991
8.0675346223	5.36451797385	13.6297330417	1.03525071273	2.26718839919	-1.1265714249
9.60445261817	6.8162248122	15.0149728939	-0.169338313199	-1.73327625439	-2.70080162227
8.14229117687	8.32334763858	10.8531420764	-2.33029901267	-1.19627166271	0.339601014348
9.48924180315	9.66647821156	12.2815633262	3.25950600801	-3.38753029162	-1.84101409016
5.55376031357	5.51846681846	16.3188391603	-1.35798175721	-1.30653789137	1.66069894414
6.98325345099	6.97022157483	17.7501471373	-2.30984721171	-3.19376002004	-0.458466627088
5.42776678292	8.09982528015	19.0522946777	-0.424392941115	-1.71776112438	0.989603184342
6.7940667541	9.4367852962	20.219004148	-2.53618758024	2.10510975822	3.16274501668
8.14873185355	5.41039857357	19.0277617452	0.49395788902	2.28536956123	0.674291746469
9.60482707874	6.88826736002	20.2235022234	-2.81990607637	-0.226131668225	2.49097656731
8.32560860586	7.9499052226	16.3794400086	-2.07370392924	2.27848364187	-1.42388721208
9.30797037453	9.47491106369	17.4973553641	3.95381259237	0.606769404609	2.45610661559
5.5662976093	5.30280650324	21.5803471289	-0.200065141474	3.34085885737	4.40180802449
6.96925039991	6.90320061136	23.2287804809	-2.58702183711	-0.839708521718	-4.05471160415
5.51984708056	8.19776639962	24.4017612596	-1.50871450609	-1.61269456422	2.72739272508
6.94876881815	9.39816578173	25.8919303056	-2.57175217516	2.8259702052	-1.51047716879
8.14048037024	5.40805960797	24.2581514643	0.673625410824	0.0459040912498	6.09029177606
9.68452465514	6.86483869412	25.8789078684	-2.7478959758	-1.15569468833	-1.722888454
8.06413862619	8.32052931083	21.6944599137	2.79689945311	-2.87080060057	-0.619253791973
9.63244590626	9.3941706471	23.10841264	-0.906142511669	2.80162072904	-3.16392261011
5.36630429549	10.9086635008	0.152618402584	0.870629379339	-1.3929332605	-0.378575564002
6.72688193177	12.286345152	1.49377428207	0.61245378485	-1.38159029404	-0.959432414906
5.33070936607	13.3910494568	2.89655606501	2.2371931011	7.15900987775	-3.04540299313
6.77432193114	15.0812146036	4.23027848947	-1.55766401737	-2.46340603896	-3.12443204189
7.95820008108	10.7183301832	2.76835284152	4.35726065708	2.43710923601	-1.53829146677
9.66698725177	12.2871144118	4.26955616996	-4.26462776891	0.539717814359	-3.09990506417
8.20184739375	13.4232151747	-0.0621086296534	-1.68946001387	1.51109940525	1.25384814794
9.49055583584	14.7599215737	1.42744428688	-2.09279865074	4.71626519803	-1.63504448742
5.46485709704	10.9618093586	5.51662356686	1.42478767951	1.44042301368	-2.31181540819
6.84685568511	12.1657836703	6.93766404713	-0.500953074437	1.51710771439	-2.52383947304
5.55394216896	13.7550293181	7.99327004684	-0.00371779200973	0.394618298399	2.84662234907
6.77021148525	15.123900104	9.70033646208	0.62487483914	-2.59257620209	-3.2819762016
8.02700017041	10.6622145965	7.96178041277	1.88828789401	1.89966441737	3.07551416324
9.37860020745	12.2813432499	9.45388121676	-0.499959945161	-2.98366679629	-1.0907835726
8.08069677485	13.5993554724	5.44555207156	1.3108253965	-0.176839214961	1.2803008797
9.47933735812	15.1306716021	6.69576860829	0.641759590859	-4.24863328568	1.5876821719
5.2412315927	10.7937032779	11.0143379125	2.38888491035	3.81496320187	-2.85073888788
6.75693216733	12.1206332583	12.3101094751	-0.674813251279	-0.144976702945	-1.25500856702
5.48102121749	13.6463358604	13.5396037124	-0.148022275689	-1.24497434638	3.32642376489
6.75650156467	14.9954978265	15.1265531489	0.621945558281	-1.91178430662	-2.38966020009
8.20392010863	10.6779440379	13.4016640217	-1.14488777455	3.88219350364	4.62403610426
9.43366798856	12.2003212955	15.0623506246	1.04770129027	0.449059389813	-6.13862428517
7.95948873681	13.479891587	10.8335750989	0.912292399376	0.424573861076	0.603149916083
9.39537147371	14.8344657627	12.1534547135	0.350363236794	0.0362053133772	0.813327446405
5.25932796157	10.7790208333	16.0920438488	2.66494112849	0.0273097892395	4.21820777756
6.69226267108	12.2019055446	17.6694697319	0.201177836332	-0.327770210954	-0.579548245104
5.40341320542	13.7622851431	19.0941096155	0.669537420313	-2.97821785483	0.0736236061579
6.7840795478	15.021004789	20.3725490923	2.89694375289	0.229477558718	-0.701668659414
8.07779343663	10.7546446191	19.1312847187	0.267528725872	1.90055637357	-3.12252333186
9.34720120638	12.3660870225	20.3465314022	2.47220469418	-3.83145877323	1.09568852272
8.26110164612	13.5549601708	16.2598136094	-3.19986084652	-0.619556990779	2.10490687416
9.57692259844	14.7662471454	17.5706998621	2.19488696462	2.96503188621	-0.562710941902
5.37465299421	11.0181434485	21.6340716122	2.96709717732	-2.46140125967	0.420329522002
6.78224648788	12.1288486887	23.2501538506	0.03063397889	1.65484590596	-3.44154342179
5.36101598942	13.4990775554	24.4556860536	-0.0401051772649	0.0435357027133	3.28521305836
6.66024692819	15.0688011388	25.9496148056	0.607590952558	-1.74632592453	-2.1770638106
8.18220999981	10.7657173322	24.3019597403	0.0281985093708	-0.851311791105	2.28778156522
9.32941786843	12.2074358333	25.736635703	2.80507633078	0.504748012807	-1.519640151
8.1903740923	13.5932477883	21.7485830606	-4.17769403801	-1.24695439729	0.194985721915
9.31818003613	14.7563919612	23.0776028431	2.47531546635	4.32449336914	0.567986308517
5.26720072809	16.2642320323	0.0165141584887	1.9580331074	0.334381377619	0.984957137345
6.77084079181	17.6815911684	1.33530155618	-1.79553791297	-0.867556802151	-0.16397664869
5.4996162975	18.9899549025	2.80119122474	-2.41660741749	1.3535302493	-2.66700687232
6.6226380635	20.2930513029	4.12302595437	3.07503565442	1.75270507248	0.328932630419
7.9646163836	16.4448900201	2.75824845403	2.10509743364	-4.02387666092	-1.97248797873
9.4045810445	17.6213988985	3.88379417154	1.10097105182	2.02885501091	1.90344207822
8.15122598803	18.8784814001	0.00634006992353	1.81144484661	2.86879331154	0.381916319864
9.5802918474	20.5069568354	1.53986170529	-4.24419106646	-1.66670851485	-3.08093533549
5.46122038311	16.4818107392	5.28116111391	-1.05927145813	-0.240121578688	3.59183525049
6.90340304102	17.7445008591	6.81197917595	-2.38780493734	-0.387052867923	-0.64713941938
5.25460616268	18.9982554081	8.08317602217	3.25018088957	1.58414208834	1.52910346146
6.94670410438	20.3880899052	9.48938373967	-3.56365922671	-1.77439937147	-1.15442803651
8.07813494382	16.2088690294	7.96864432373	0.410049671861	1.59705122331	3.17292946049
9.44224349151	17.4511635103	9.65510238694	0.877577339305	1.33545240488	-3.39554941275
8.22277611443	18.9966535024	5.46389033975	-1.57726337461	0.163652993769	-2.38014205346
9.34882517768	20.50053984	6.60193756526	1.84851344642	-3.68059273229	3.40072352731
5.5791269451	16.2589852888	10.9927414859	-2.78122939642	4.37915549825	0.654449994575
6.98701440806	17.8181921268	12.2845785053	-2.00389259103	-0.100145343701	-0.972331353003
5.59179143832	19.090820733	13.7315633182	-1.91957215976	-0.994384211479	-3.66927155624
6.72356593164	20.4277300901	14.7600385248	2.19078927464	0.227351702654	4.03482189601
7.94880117154	16.1739072153	13.4950168484	2.78376734977	1.05233044506	1.79130672634
9.35757263999	17.63638692	15.0494470357	1.10204726025	-0.879912834235	-4.4296594665
8.26295981599	19.1287329332	10.7711926193	-0.077538457804	-1.2803592661	1.31355274126
9.55224782141	20.4386428406	12.1244966219	-0.481789295896	-1.82389362643	0.302270995263
5.2499863024	16.1526160658	16.1867348167	1.95499938136	3.30108498552	1.34037402303
6.9639284333	17.5562221988	17.462935943	-3.43665160848	-1.81694935332	1.09980320723
5.60543355536	18.9270062824	18.9309836879	-3.53403901001	-0.651407604261	-0.749686915582
6.76730513677	20.1741787414	20.4082441127	0.844776090702	1.765825671	0.653256224518
8.34210370631	16.2852998963	18.8690339863	-2.37674496496	-1.10565837138	0.658070371508
9.31285033314	17.7344036858	20.3546831444	3.81339279328	-0.97073847892	-0.985527066662
8.07256413776	18.8544542566	16.226979992	0.943780940425	5.10973913065	0.697380921796
9.57038461649	20.3382222485	17.755547102	-2.30310917734	-1.05270345379	-3.65167554621
5.62460707754	16.2802669508	21.8018269476	-1.85944718048	0.269180306149	-0.379577351509
6.95876301894	17.6637291899	23.0097439026	-4.00870522596	1.12914091156	2.31288197624
5.29961532897	19.1339197251	24.5965734202	1.45619915129	-1.05354574475	-2.36800438155
6.7498007925	20.4967696575	25.8655608356	0.828993885716	-1.55057890025	-0.437068777431
8.0240749179	16.4023998495	24.3941897061	1.4680610626	-2.75872239452	1.06725797621
9.59431358824	17.6201006243	25.6163608037	-0.793504146872	0.948568791956	0.398313228483
8.1649153869	18.8695196825	21.7751608688	-0.765617306446	2.10240044174	-0.550907461415
9.33588092259	20.1740874345	23.2309063103	0.601426592787	4.07940609952	-2.88490702377
5.60861052087	21.5863736848	0.0421425615909	-0.950352456067	3.5540626461	-0.281722176943
6.80395158793	23.0900621	1.53778387316	1.72048520295	0.36896269972	-5.83227477742
5.48091049032	24.3921216448	2.53609028341	0.18618137608	1.02915367698	6.48565471498
6.86301461378	25.8239100189	4.26357145727	-2.03118142201	-0.94608934714	-3.14456280047
8.05401330536	21.7578947036	2.69220918344	0.375131398558	-0.878043615916	3.46206572783
9.45668859357	23.1830442458	4.05382562536	-0.136462925516	-1.57740593687	2.20485687103
8.22138384794	24.5479059821	-0.15891361566	-2.10382084938	-2.09400444391	2.84274828362
9.45269733667	25.7345751238	1.34861081566	2.68146387541	0.597079284884	0.622907392697
5.34859004756	21.8841729387	5.36009091538	0.377982822379	-1.65525280271	0.390863723198
6.71959887915	22.9855459725	6.80299799169	1.58044333919	0.23575436981	1.43670182481
5.40783654695	24.4245939371	8.14909098825	0.825303710365	0.118900868267	3.14013649278
6.87502416991	25.9327591272	9.66982177612	-1.05123627828	-2.15692680886	-2.58503716084
8.25846690647	21.5298991457	8.20789630308	-0.2470233354	5.37260729148	0.181714887251
9.60704944967	23.1587481379	9.69511740891	0.273301737717	-1.82727273806	-3.94239976871
8.03958322328	24.5203448959	5.57820928537	2.86895716743	-0.884144081895	0.398743689086
9.57814758685	25.9483328446	6.91388049451	-1.9894786856	-0.981535103082	-0.558442445877
5.60523605917	21.8459570288	10.8178587394	0.134498882514	-2.48230297849	0.910449201726
6.93384540583	23.1052788483	12.1880066122	1.29558053658	-0.732426645088	0.32778074342
5.59445631613	24.3216130661	13.542887417	-2.71113046578	1.92298692225	0.981070694324
6.71222176023	25.933334428	15.040639446	2.97703186619	-2.39146074136	-1.33227519229
8.33264760516	21.5854074904	13.4581440464	-1.63320488158	3.08832949228	1.29874243309
9.67013958371	22.9956815082	14.9551955111	-4.15689941294	-0.390859833038	1.33657594332
8.29678325018	24.4424850494	10.866877303	-1.76328554935	1.01099695822	0.55049744703
9.53941387919	25.9162288677	12.0362148233	1.37181038442	-2.04812674456	2.91017664242
5.29944664448	21.6806221371	16.3117916783	4.00083993269	0.192047448432	-1.58521514474
6.84170933556	23.1061039742	17.4789292036	-0.401969314769	-2.48473428563	2.79152090249
5.54348955085	24.4908929438	18.8093944209	-1.71431171137	-1.33109176621	2.74020783446
6.74439808164	25.8301935386	20.3728714193	-0.249852158228	0.33649152142	-1.08666577724
8.11394724409	21.6171929503	19.061724724	-0.116352755214	1.28424878391	-0.653199738526
9.69186258409	22.9415240548	20.3476518708	-4.15411799851	0.676550170741	0.749403612318
8.20823293134	24.4530633836	16.4803495997	-0.028579549097	-0.262655386956	-5.69866721956
9.62636647607	25.7349326905	17.4533427012	-0.284342047579	1.73414690699	2.73792024349
5.51920930455	21.7647880098	21.7366039508	0.570364403366	-1.91835195222	-0.288345605352
6.88193113039	23.0200759001	23.0986592387	-2.79093661161	2.61537230265	-0.627913864977
5.32734079953	24.5515535942	24.3366955594	4.61320788441	-0.891863173549	2.57590512368
6.91248542161	25.9121973974	25.9695840267	-2.65379639888	-0.268217051389	-2.52444074014
8.06586573113	21.8113764992	24.4139199312	1.099551355	-1.44463360399	1.31292937248
9.39766742154	23.21876574	25.7036999322	2.39202510757	-0.132277927913	-0.639070394511
8.01774306598	24.3745695398	21.5761945036	2.54042925248	-1.30007933541	0.297830698616
9.47565054918	25.6281010642	22.9648623125	-0.763799533346	2.25705074664	-0.252404675116
11.0500139648	0.0565281332415	0.0124924347204	-4.20739130615	-1.52994143236	-2.02398659233
12.1251351288	1.27222367839	1.16098108707	2.59278931385	2.2375722269	5.89473569855
10.858036223	2.74333668442	2.89208705318	-0.956732735144	-1.98106930833	-3.67394762207
12.3659404947	4.14354993449	3.94680424528	-2.52037215959	0.532688893514	0.250872339276
13.6440741263	-0.191971094665	2.61488628226	-2.00035034416	3.2841336802	1.18695045939
14.9292069659	1.32855507187	4.15688049634	-1.82543028792	0.0998739852263	-1.28868435234
13.7453142176	2.68017858833	0.149452761379	-3.36552690316	-1.46350458965	-2.65241358242
14.7886917153	3.98552840988	1.24470608068	4.2437911188	3.96994877016	2.9181594482
10.7617521821	-0.00510464465648	5.50289653592	1.53206585823	1.24490707205	0.303218008063
12.2055039387	1.53004815798	6.91540453977	-1.8486478286	-1.6177923357	-4.31826608332
10.8619560013	2.6360880976	8.13405945022	-1.6391989244	3.4566119884	0.441515235625
12.3232160534	4.06489863778	9.32419752435	-0.16541987938	-0.799730499488	1.70791544027
13.3775935563	0.114451756442	8.01417745818	3.14247783653	-1.57095562664	1.23909625374
14.7549156775	1.38609273375	9.54927382215	2.11517145791	-0.779498120158	-1.31731061756
13.3976287087	2.8479055857	5.31290307997	3.35686594008	-1.19851765787	2.2767867316
14.8906595318	4.18922475604	6.77586873473	-0.0123327898453	0.262356369056	-2.82710104988
10.6627175624	-0.0150007155372	10.7265141559	1.35825404755	2.22441040686	0.0631515388024
12.0900704058	1.51227714678	12.072052986	-0.20182263408	-5.41859668283	1.52174907371
11.0421953235	2.72559257444	13.4485349004	-3.37858554578	0.485439991408	2.96675016586
12.3383640979	4.14325693926	14.8580486896	-0.81938538157	-1.45015211523	0.406449408096
13.4427489535	0.170439964539	13.7759775584	-0.705689114712	-0.571336289681	-2.71894393852
14.9003523652	1.50672713415	15.0003505195	-0.623126238145	-1.57679407334	0.114316623797
13.3924832595	2.55648720025	10.9724831788	3.51102794662	5.23635842197	-1.21499393744
15.0381926016	4.18054268115	12.255299923	-5.53523258197	-3.19192515825	1.06943476681
10.8711579617	0.180739129566	16.3420233914	-0.000513588391936	-2.93013480027	-0.944913606967
12.1287877911	1.2991147382	17.7546512681	0.816487322512	3.12022367217	-0.0729162918499
10.7941784654	2.80659646279	19.0882528115	0.47406675853	-0.995479505581	-0.123759329605
12.3330856414	4.02799447517	20.4176752659	-3.11378630364	1.80734513835	-1.83235378476
13.5005083171	0.179482756704	19.1862835447	0.254831320588	-1.72311645245	-2.57610328331
14.9013091981	1.52001944878	20.1685601413	-0.336566543455	-0.452154480154	5.49721513161
13.5316170538	2.68387328732	16.2869310354	-0.591692625684	1.06972774304	1.38750373386
14.8108761498	4.23327667819	17.568285473	2.12270103719	-3.81063169346	0.450723085135
10.9717459379	-0.0493042658228	21.7130980635	-0.860436846418	-0.520586672962	-0.222151908459
12.1352930461	1.42975269523	23.1009126123	1.35805715675	-0.592909546085	-0.660371884999
10.9230180197	2.79818160854	24.4147576863	-2.76171544291	0.107511710991	-0.385452003834
12.1033045108	4.16915629552	25.6796762957	0.881556145848	-0.609790098185	2.49413959119
13.5052627093	0.0547617142798	24.50471916	0.124544965771	0.745170081697	-1.55828635948
14.7766557732	1.5404358477	25.7012827622	1.60653662154	-1.32119766717	1.2962919336
13.4047017379	2.87876470419	21.6868740549	3.14252640492	-3.40084758404	0.882586949959
14.7617293628	4.06415471915	23.1738912236	3.98847795115	-0.156756232241	-2.5691870441
10.677824547	5.28473051729	0.187265496515	1.88828385251	1.09336623916	-2.37219276861
12.2272333656	6.62278423806	1.28092590809	-2.74878654189	2.92407068836	0.961511970077
10.7201612733	8.08817284894	2.68814937267	4.69913643035	-1.37842185508	1.20862264502
12.1370038776	9.56705283043	4.16694213194	-0.523567226542	-2.59206555734	-0.939412336843
13.4866914572	5.5868018785	2.65568785595	3.14069891958	-2.42659137825	-0.368426463533
15.0083590816	6.71124493025	4.10308115176	-1.99762543198	5.39265134177	-2.13730701956
13.4556282543	8.09955153783	-0.0431490151941	2.04778581902	0.181288494989	0.302149936112
15.0236637266	9.42399912417	1.37104465349	-1.90298765871	1.15678042502	-1.84831841729
10.9204847108	5.4455408436	5.26973253889	-0.472394535978	-1.95507959928	2.81567962979
12.2491211606	6.60910283173	6.92384550939	-2.37629092481	1.86061146345	-2.28125948234
10.6740440828	7.9778579482	8.03091063553	1.28446346856	1.69985207426	-0.0603628304355
12.081275778	9.33517582416	9.45089774514	1.83119829877	1.45520135535	-1.29985963314
13.634771627	5.56848922712	8.06157087825	-0.597190897792	-3.44892399637	0.636457832846
14.8374139589	6.62788064932	9.38552541904	2.01416332019	2.64151528818	3.80630441023
13.4425374675	8.07738558316	5.6196937925	1.62502792003	0.0415479582182	-2.4140037511
14.7747478539	9.55306311906	6.90477194665	2.77063979731	-0.397039227659	-0.531011724454
11.0348280094	5.30564235454	10.8729226168	-1.48402185474	2.59394296716	-1.41633192416
12.1567595741	6.91019898341	12.2357339786	0.944600433417	-1.69546260295	-0.0405236608838
11.0181399632	8.21086173173	13.6432864545	-2.37512357195	1.91904057237	0.526428905984
12.3239052733	9.69568449662	15.0716589106	-0.463126108077	-3.63350946396	-0.448834138055
13.5322958242	5.58175648676	13.6275023317	-0.16087553485	-2.22547798563	-3.36803539575
14.7516008994	6.67773016147	14.7641198249	3.81280430375	4.1734771158	1.12173135321
13.5523652563	8.11385148088	10.946990398	1.35220606563	0.377694419555	-1.79950197518
15.1061483048	9.5292868193	12.2392013698	-3.30682601807	-1.02832939731	0.177034646657
10.8982564811	5.33432859503	16.2064203823	-0.732367892716	0.864469914385	1.6455180897
12.0233006912	6.79501253191	17.7652378256	3.67365410185	-2.9258882658	-3.15734340989
10.9760243896	7.95672852547	18.9983122374	-2.37482229425	6.04465066658	0.226198459308
12.0559803578	9.69567166909	20.4496541423	4.78408714705	-5.90839766967	-3.11383154011
13.5273207799	5.25358968422	18.9078535148	-0.938315868595	3.1858028723	1.29994779064
14.7933600254	6.84000727535	20.2000140479	1.17016736049	-3.47400257051	2.01282444209
13.5992632114	8.0191309097	16.3178185602	-2.19185125063	0.446751542506	0.0376958377023
14.8439866744	9.33948176731	17.7034019946	2.12471143799	-0.616351594528	-1.2871534611
11.0181509075	5.62391550501	21.5700794573	-2.38299010397	-3.45444684353	1.37906249555
12.3375166314	6.62988992766	23.0023043793	-1.65619373989	2.29308349357	3.39316353628
10.8240881323	8.2763482966	24.3637259094	4.38322090219	-3.27078434164	0.875035285421
12.3144449511	9.63848788828	25.7478516304	-1.39752873609	-1.26558884713	-0.482337237878
13.655460325	5.3006186	24.4925830631	-1.19595898449	1.85913698704	0.0346905805668
15.0182709607	6.65574935401	25.8134907645	-0.658057081192	1.02689970461	0.0621502739927
13.5785024908	7.9631742124	21.8223457149	-0.245464600199	4.20578746536	-1.58140664499
14.8734155742	9.61637897594	23.1269065757	0.622398844922	-4.32774559925	-1.07928234819
10.70789754	10.8269323521	-0.109427332231	0.918646565587	0.0128535497885	0.517191903878
12.1373871784	12.1995206795	1.2324549746	0.15990680128	0.0954786577549	2.73428260419
10.7149391996	13.6294246118	2.74306627031	4.12926779082	-1.60943708236	0.42539888658
12.1895513674	15.0025489378	4.16288054246	-1.02818961767	-2.77479818823	1.9838259947
13.5428797129	10.7748162566	2.78259603082	-1.44033822904	-0.076978257871	-3.27860518104
14.7346446072	12.1664485126	3.89343132371	2.7142454107	1.72316674743	1.60756381996
13.6909523712	13.7228759279	0.198635474262	-1.06291770503	-2.09399137688	-1.57404361329
14.9768279664	15.0270208436	1.42254005376	0.718141050936	2.08627006007	-1.2051028357
10.716687382	10.9344115056	5.34226840603	1.82231956752	-1.6637365001	3.84814537247
12.0853407085	12.3205166975	6.84651467836	-0.409721940379	-1.82863820921	-0.902090752286
10.835184765	13.5648507105	8.22159964753	-1.85414340066	2.85648088354	-1.83145910304
12.2036784163	14.9506358764	9.46998463447	0.462767230132	-0.387096430162	-0.0651382909357
13.5157552788	11.0607213788	8.13446587201	-1.99141381383	-2.57323020395	1.90882523067
14.7634215852	12.2599766445	9.68719144818	3.24353950079	0.367608001544	-2.99862649118
13.6592448664	13.4231396897	5.61948090772	-2.52460760737	1.48154742895	-3.73827573209
14.8325814324	14.9989530547	6.60154144894	-0.907004431062	1.17988776768	2.70465353901
10.883947541	10.86348671	10.7351733163	-0.00143412886965	1.859257391	1.92238286809
12.3848885901	12.2380090243	12.2860589266	-3.50836030112	-0.456697410222	-1.12532019711
11.0192634384	13.7761096922	13.611703171	-4.15601862558	-5.07525475145	-1.60956356308
12.1157697005	14.7838762288	14.8321770661	4.73143579131	2.8568270669	2.38633736561
13.5124446203	10.7697466599	13.6307151792	3.68089803766	2.01759925822	-0.0871760912174
14.8917219575	12.3067698784	15.0640895195	2.11689243767	-5.86301170193	-1.06763094929
13.5506350783	13.6069706553	10.8690966216	-0.946323624276	0.336231811959	0.272983539203
14.7753077099	14.7819986695	12.3326975297	2.09847710936	2.9310218046	-1.6556234801
10.7496779378	10.855385346	16.1032703236	0.970855254266	1.0989906906	4.87003098548
12.2562921702	12.3947191671	17.7532627143	-0.794643326456	-3.71706379585	-1.93439358303
10.7988453169	13.5450623893	19.1119678787	0.250177951397	0.366325589141	-1.14216319596
12.1672911315	14.8159558386	20.3851539046	1.12795149871	2.12667851939	1.44290150028
13.6080356733	10.6735369323	18.8206460971	-1.03988950396	3.42159022769	3.65297133033
15.0615030672	12.1151926705	20.3722948092	-1.79071029206	-0.868320008286	-0.298947399309
13.6675046991	13.4059688067	16.196601449	-1.9069388888	5.22369769422	2.55081902569
14.9212607591	14.9977312014	17.7937122144	-0.8488648025	-1.47572928566	-1.87979874263
10.9926436912	10.7365273657	21.5332696451	-3.79199199916	5.679328239	4.6946980328
12.4138419994	12.2848469533	23.1938017941	-2.3406330994	-1.3461404845	-3.43557027765
10.9355533056	13.6494792414	24.3811731134	-1.38512682147	-1.99874779901	1.75762052603
12.223986136	14.798242627	25.9859594503	0.883196343717	2.16776259677	-2.13908740994
13.6614758345	10.8319165616	24.3104440646	-1.00459086734	1.48398238869	2.62138917901
14.8240070974	12.1634823565	25.8276112261	0.429940803554	0.371589104077	0.22338654216
13.7449065701	13.5969355882	21.800705128	-0.779219680931	-1.07852208445	-1.48964336204
15.0604199855	14.8004158175	23.1985522879	0.782196876964	2.7927020285	-2.30108062787
10.7976424076	16.3370830966	-0.139954902415	-0.713403575517	-2.02427978421	2.25544167443
12.1439804494	17.6234945884	1.27686993745	-0.828139341028	1.27531413673	1.89722289248
10.7016057726	19.2045408362	2.67654309026	2.7031817101	-3.96143176255	0.111614682894
12.0551502966	20.3546614467	4.11394036507	0.40988966432	0.181288439818	0.495275410279
13.4249192889	16.1574088281	2.82209804144	1.77343972454	3.64082318811	-1.25406999145
14.8068687125	17.7983870801	4.12064768197	0.0971688179681	-2.53444871339	-0.725247911526
13.4177857658	19.1669017894	-0.0392268468627	1.66145376274	-2.28449145725	-0.294475952414
14.9158171253	20.3813337142	1.23552630209	-1.67616164745	-0.584127640303	2.52733862123
10.7358644859	16.4457164437	5.49342986205	0.558386729319	-1.21471125893	-3.0851379468
12.0993043752	17.5672424632	6.73239528201	0.476660024232	3.95594979806	0.415300816285
10.817082909	19.031567161	8.13404478047	-1.07458290724	0.660920035455	0.806332944446
12.3612921051	20.5542066213	9.46766492072	-2.07119784512	-3.5245325055	0.0743302834443
13.3997935056	16.4158918749	8.03520347783	2.66615108075	-1.96774285072	0.812579015315
14.9952848673	17.7109090317	9.38553664842	0.124181367297	-2.58921452886	1.03818048698
13.5262146878	19.1414623882	5.48536997671	-1.31785090353	-1.81387423887	-0.305607817464
15.0395560578	20.3019694527	6.7098157299	-1.43414897082	0.956912263365	0.86083281453
10.9156434521	16.1364357614	10.8839871801	-0.822897507941	0.579679662853	0.582540168993
12.2720872741	17.5116862361	12.2153383635	-0.954198424093	4.47261893483	-0.795976295342
10.701873336	19.189584878	13.5768888999	1.83049357201	-4.62476090848	0.105321056468
12.1589326442	20.2893651046	15.0498987117	1.9119861862	1.72181921059	-4.46159210456
13.5932497591	16.3728481716	13.5887047267	-0.0859491600732	-1.48731509071	1.61250628783
15.0241028583	17.8157803426	14.933333311	-2.25257496312	-1.40859911131	-1.40570695633
13.7378833362	19.0191092035	10.7066240658	-2.66959170846	-0.301570014345	2.35125279934
14.9316475175	20.4605240132	12.1744061605	-0.0643557027185	0.438606257556	-0.287435905138
11.0072824453	16.3892011708	16.1516816451	-1.89444524868	-2.17007987845	2.10999614212
12.223331905	17.580563215	17.8059255977	1.61106341934	1.31646002957	-3.2364900225
10.8596849037	18.9707470339	18.8814367134	0.416776262428	0.793766119448	4.02055960472
12.3505229299	20.4451914327	20.2680661693	-3.09724705215	-0.999138898118	0.441401501823
13.6228974738	16.4047826885	19.1749508586	-2.32596328268	-3.93278171447	-1.29439764238
14.9867513048	17.4577043403	20.19478378	0.65200109329	4.1686456268	2.04950419186
13.6025805426	18.9600037521	16.141262349	-1.57741600225	-1.10872012711	3.73695472678
14.8684540398	20.2374043925	17.6321196068	-0.609821491053	2.44359288149	-1.66437892161
10.7625779547	16.3463327812	21.6902121516	-0.864523809096	-2.16186981963	0.244353837131
12.3980269965	17.5240195828	22.9028123609	-3.5616302826	1.63699142544	1.70174651524
10.8014637142	19.1440052271	24.2626799561	4.49152881129	-2.62226373892	1.88350373048
12.3723846902	20.427315848	25.8068517549	-4.71693637404	-0.882006640308	-0.188507886603
13.6982109721	16.3211486795	24.2641021043	-1.1765628344	-2.71391072583	2.71928308612
14.9419951278	17.5492116042	25.7276847064	-0.977745880543	1.89589148006	0.610047388353
13.4262396902	19.1136167846	21.8228399488	3.17955002861	0.65643792492	-1.45583944194
15.044154106	20.406717965	23.0934205567	-1.89062289229	-1.86747781248	0.854841730665
10.666588346	21.7308954176	0.112164926426	3.57309461087	2.41137085453	-1.53267873913
12.4146523858	23.276492636	1.21962104676	-4.36272149738	-4.10804370977	2.52151458246
10.9881973177	24.4418231265	2.81561036421	-1.59050707706	-0.319583401727	-2.57258205024
12.1386675473	25.7312048441	4.1416382321	1.91869559328	1.17050666712	0.888662119915
13.4384329715	21.6222883921	2.74940830469	1.14043519907	1.18152615275	-1.59536111701
14.7438334883	23.2730341746	3.90181653049	2.04025494247	-3.1541690144	0.97811689531
13.4170914336	24.4637435234	-0.0291921344793	2.23080435032	2.60767843004	-2.13668226159
14.7779443938	25.8982457683	1.33893912336	3.18153402932	-2.29850536664	-0.45227870753
10.7455062388	21.5933682481	5.575020414	0.556528712226	4.02605960071	-3.42523324046
12.1340402657	23.1665188612	6.70371882592	2.21627219591	-2.30141530192	1.94464646718
10.9510212992	24.5667781856	8.13415468884	-1.10145905477	-1.37263209195	1.37272113423
12.2478502227	25.893514698	9.49784495581	-1.04181069861	0.765671023267	-0.561767449095
13.738772785	21.6074912736	8.12011323466	-0.988976800843	3.63993631466	-1.83182337643
15.1003015948	23.0595934652	9.46287965325	-3.87122246965	0.701646827112	1.93562887448
13.6959712793	24.3977029825	5.44417487696	-2.04094606207	1.39727011673	0.055353403266
15.0854747153	25.703705826	6.76266788004	-2.36736051173	2.27895740386	-0.157430545737
10.8407729937	21.6053003836	10.9789495628	2.0192256544	2.65726403492	-1.89818654546
12.1594996736	23.2123844533	12.1387689755	-1.31814414291	-0.873686228389	1.61588732063
10.7630680211	24.324047723	13.7656471431	-0.132280374717	1.79748073021	-5.06760875452
12.0341394775	25.5950936123	14.8991912529	1.38320656677	2.75392133999	1.93120963542
13.5312381208	21.8470925514	13.4496071086	-0.257230535226	-1.54138415245	3.02986668795
15.0838506812	23.0191361453	15.0162522948	-3.82938360533	0.418709002874	-1.84796105262
13.4104793529	24.5841771533	10.8703994375	3.51907795457	-1.7041201717	-1.52190305379
14.9606190787	25.837490184	12.1290653765	-0.89965393786	1.13668449337	0.978004172079
10.8937578004	21.5596362001	16.1814768135	0.876005208959	2.60976800446	4.57407525818
12.2225118074	23.0849264753	17.8238613589	-1.36344934536	1.01013897488	-3.47804933935
10.663122494	24.5180241871	19.1902300946	2.75537475678	0.00243934898502	-2.5943521513
12.3391085528	25.841977818	20.1984999473	-1.6890311345	-0.12810733556	1.29300088139
13.633098982	21.7278886637	18.9369639846	0.399097497072	-0.0595753471468	0.441509109173
14.9223698569	23.1454151777	20.2469640057	0.33143857412	-1.49964210913	2.50931905587
13.7758314681	24.6032312299	16.1480196657	-2.70332177967	-2.5371194058	1.38640859389
14.8330442016	25.9061434503	17.629707499	2.33012774182	-0.0497287141681	1.50569377334
10.951191871	21.8265672299	21.7594315675	0.00115160718311	-3.09487549303	0.733070307598
12.3530576555	23.2167156586	22.9627122634	-1.26938452505	-1.69724300978	1.87824474836
10.9590849288	24.5616443207	24.254218685	-1.30400341295	-2.02091035511	1.74131344387
12.1450088502	25.9738440577	25.6404945549	0.655236612773	-0.975242539945	0.909602062131
13.4952933557	21.5710362459	24.3910413245	1.67603552511	2.89831290212	-1.10523242819
14.7652745051	23.0559621342	25.7483657762	0.729343642358	-0.248019177764	0.040284365289
13.4829190644	24.5034067043	21.6721931145	4.55317262894	1.77006010386	-0.0685485238222
15.1267287389	25.9626421265	23.2341603535	-2.03829752235	-3.05694773	-0.455695013208
16.4040377214	0.130861726324	-0.0227011115322	-0.985108457789	0.426644971811	0.344862150441
17.701777807	1.51571629745	1.55710965728	-0.01337975935	-0.586810717199	-2.70629453807
16.2430766738	2.72821799594	2.82820028503	-1.58519738091	0.172278797058	-1.52082138821
17.5612969899	3.94906135532	4.11508930267	2.07546454791	3.40889577927	-0.585772749924
19.0131972278	0.0489751266309	2.8352456647	-0.265687265825	-1.78896950009	-2.03895667186
20.3496180618	1.33117832011	3.9115921973	1.48775566572	0.388026537878	1.77039065218
18.9470204662	2.87407528394	-0.164181171782	-1.43831025852	-1.98457116875	1.66012613909
20.1708195925	4.04428318792	1.28355659047	1.89682423912	0.451869548244	0.828937765155
16.3002184509	0.154050183455	5.56472590135	-0.491360476527	-3.24218212624	-2.13488746921
17.5234471644	1.27388073029	6.76223247982	2.89027096936	4.00721353574	0.189197287626
16.193768415	2.81341847692	8.06878944145	0.751237398433	-0.60683311565	2.54748676484
17.5787331228	4.19669854321	9.68487023187	0.0636582165694	-3.01415786988	-3.20610096185
18.8540708683	-0.0569460589435	8.12993502028	1.41321583232	0.726779047878	1.79605925834
20.1881947423	1.43876492922	9.69726480176	3.13497720127	-3.52064169749	-3.65618434541
19.1885667866	2.69810504314	5.30071741447	-3.06648770862	-0.939029130999	2.53515191281
20.3283446312	4.12914801537	6.84955932736	1.2520003065	-1.27789007249	-0.533526747417
16.4830812597	0.0763708242184	10.8044010423	-1.34876825037	0.786618559314	0.517139381596
17.8065992768	1.44504246304	12.322307716	-2.70062433119	0.997188677901	-0.547198701899
16.1274864382	2.72472570443	13.7043993243	2.96286045037	0.418934963374	-2.76937865564
17.5100739241	4.2680515138	14.7678868539	0.500550243384	-1.47229018662	2.86721962886
18.9924668959	0.166473781078	13.699586391	1.06548531499	-1.94992993171	-1.11036719658
20.2431422379	1.48589170954	15.0096445535	2.22004874163	-0.520056564425	0.748641811945
19.0653858539	2.68938973621	10.7249127487	-1.25290865124	2.73274578259	4.08241960915
20.5316094068	4.08035832483	12.1553484782	-3.44715158234	-1.19588428073	-0.311483120817
16.2917012486	0.122034827401	16.1671524527	-0.258858243364	-0.380361263554	1.97241328167
17.6595316286	1.35331112829	17.6857271511	-0.979270627917	1.03275205737	-2.18851885906
16.2821957988	2.71792094685	18.9882749007	0.0757090624135	2.57744108719	-2.24996577518
17.8279767603	4.03850553535	20.2483470573	-1.84150718501	-0.827479120606	1.40314811776
18.8573534295	-0.0488233803874	18.9116389113	0.52230222023	0.818312027848	2.51403080389
20.2087944522	1.43570445343	20.2959919875	2.43016601432	-2.99799921379	-1.145122655
18.9392880863	2.82983267142	16.2466491094	-0.975964804765	1.64701884433	1.2486241152
20.31975035	4.22261682219	17.7737297725	0.663237752703	-2.98574500181	-4.59716684428
16.1414573072	-0.03641368914	21.7718282803	-0.633535201234	2.07796470385	-1.92087696508
17.5164095048	1.24418374007	23.087459822	3.03779838712	-0.718895671785	0.526021481202
16.3358492902	2.66378157448	24.3856852195	-0.637903894979	2.30152051019	0.825498003964
17.7387665645	4.2025396573	25.7250755917	-2.99650419722	-2.22911652235	0.448840933837
19.1803302416	-0.0298053324108	24.564122352	-3.83437663826	-0.215875873684	-2.17752058539
20.1943259006	1.35598467934	25.8624802385	2.76112312646	1.44230335189	0.131551178549
18.9932215933	2.52463286614	21.6586606824	-0.74983682214	2.222769139	1.41189228718
20.417987009	4.08515808154	22.8942587853	-3.01214457445	-0.760503470071	1.37073410127
16.4774840603	5.53994812416	0.0230012205201	-2.33989884737	-1.97125506846	1.04221023932
17.5703827363	6.94984329696	1.54563731197	4.71737194262	-0.883245898108	-3.16880945868
16.4566543101	8.24843793661	2.59644342284	-2.69188385478	-0.486396116848	4.99198042571
17.7669526096	9.61564236148	4.09671539761	-1.23257471192	0.161000016312	-1.89909780924
19.1640579762	5.55584034322	2.76087117368	-4.55789407496	-2.13576367926	-0.34959486094
20.2458326501	6.60568169873	4.23692110894	2.58702985711	1.68279577845	-1.30928838235
19.1286770351	8.3407611617	0.0512903940553	-2.41032949065	-2.81754355888	-0.543622436809
20.3570760879	9.69130372321	1.26183509707	1.1582435781	-1.36434826914	0.583057083118
16.2426943966	5.62855062974	5.27135291892	1.22675348001	-3.86167941303	2.57964673652
17.6050521545	6.9311102809	6.6089704605	1.80191370896	-0.165334535189	1.96911046728
16.3890069803	8.18871392088	8.30180361114	-2.99444760878	-1.37922657386	-3.48587687218
17.6628055368	9.53555020942	9.31104684335	-0.136007879869	0.18232632656	3.2505426906
18.9453217559	5.42416733849	8.20248385232	-0.348114789818	2.87942673371	-0.617212027597
20.5298268501	6.71892188656	9.62386291214	-3.1677705137	2.42639123297	-1.92139714026
19.1302464035	8.30863870508	5.26573513278	-0.77747071963	-1.75257173288	2.01723410077
20.4476296964	9.31645879193	6.85271410587	-0.961314037199	5.67720542632	-0.162062363608
16.1630527577	5.23171804073	10.9655341819	0.4737309645	4.51640258023	-1.58714912696
17.4817308801	6.7219061953	12.2953874183	2.30381430597	1.03956456268	-3.90708408439
16.4750638198	8.28391139863	13.4567133195	-3.27450045981	-2.2220448694	2.26428231974
17.5027879864	9.41994059833	15.0616083085	2.7093068168	0.106338741543	-0.174784676219
18.9632589701	5.398020141	13.3775515074	1.6990801882	1.07670735906	1.96849389695
20.3009665919	6.72587303138	15.0624642988	-0.184544791323	-1.73978918497	-2.19330540171
18.987928933	8.33331147857	10.8093909024	0.244848269814	-3.02024727578	1.45681781666
20.3925919793	9.62603285448	12.312252146	-1.43632265703	-1.14816832417	-0.300386071656
16.1511937877	5.57627806409	16.3199115875	0.672316695428	-0.717017334828	-1.63204719268
17.5635385031	6.78422445722	17.694670585	2.01950753822	-0.738866780284	-1.01306962183
16.2171777348	7.9964305042	18.9909864581	1.72890846259	3.76534308176	2.30436040225
17.6227269247	9.61034763268	20.5438029386	-0.467423485732	-3.52700875745	-3.49142515475
19.0966029616	5.2916841575	18.8682743914	-1.21713875237	4.6045761098	3.29604862026
20.4309250013	6.69789154438	20.4974309346	-1.64374554765	2.01780035628	-2.16072878592
19.0477771797	8.09067926561	16.2683659339	-0.950384698648	1.73728898297	2.87880485497
20.3566754783	9.66676947534	17.7664953911	0.466269554991	-2.66645561182	-2.62340926841
16.4858582519	5.39087625304	21.7605342477	-3.65667308013	-0.607791127186	-1.66722731049
17.7317347622	6.79490662005	22.9917606974	-1.94200762849	0.366505677286	1.92636916096
16.2488140851	8.07515592428	24.3818538964	-0.134896217795	0.248740126001	0.146796191931
17.4881556493	9.50527644818	25.8037315569	1.74435341255	-0.395545911326	-1.046526774
18.8130398771	5.34927214561	24.3634833685	4.62995322368	1.37924363063	-1.67572949135
20.3474877766	6.76439813673	25.6186845141	0.022936365306	1.05269519669	-0.377588479279
18.9278235731	8.29405544095	21.9015725963	2.07750514196	-2.41929185515	-3.86888100824
20.3076875285	9.56341047639	22.9413296411	1.25396712781	-0.0251773051067	3.09103153175
16.3025403738	10.8308018773	-0.192113997648	-0.60535412096	0.213476482367	2.88277737243
17.5475358279	12.0621852104	1.55480312786	-0.359644792241	2.83156530707	-5.42758806141
16.2448737912	13.6422092403	2.60730017167	-0.0640028888122	-0.605643695135	2.28521395718
17.6627852846	15.077172189	3.91446592134	-1.44463439431	-2.12513294148	3.51622192404
18.9124387848	10.9083077729	2.51639578696	3.40172673485	0.807958520406	4.64736819065
20.4549354316	12.3348689248	4.07095210049	-1.77138910728	-2.66407342321	-0.898560310891
18.9665273995	13.7164206529	0.0891120518993	-0.795466160753	-2.52558367871	2.30633732204
20.4872097773	14.8946136635	1.50685814962	-2.81162270805	3.26036107788	-0.253260167608
16.2090039686	10.886296536	5.31663725412	0.400808009378	0.526356743519	2.69980620599
17.8421060114	12.1928645368	6.85464093796	-3.99836446663	1.99345025938	-2.40669674841
16.0975327287	13.7214593608	7.98225726682	2.75280186204	-2.39713237181	3.24805645008
17.7582326157	14.9602541863	9.53204345326	-1.84213148319	0.103603195035	-1.80836239166
18.9331758901	10.9612711359	8.30709065948	3.38208728665	-1.93025250976	-3.33441216415
20.4436224027	12.3246147969	9.30501132044	0.358218127472	-4.24721658427	4.46919650535
19.1696780279	13.6889606795	5.40137642724	-3.43420419755	-0.91870016117	-1.66521754014
20.4210996511	14.8831404546	6.59150527316	-0.0655758865306	0.790245813233	4.32797294052
16.2173706293	10.6725467972	10.790794279	2.31072959895	3.87768151391	0.635406453813
17.7359548703	12.1686810149	12.3960853819	-1.51900547492	-0.388169988242	-3.92543015143
16.1087398404	13.4600553764	13.5362897998	3.01744873751	1.73906442786	2.24000775325
17.778306893	14.9833767021	14.9676646851	-4.20371189858	-1.02785254674	-0.477886808401
18.9152540002	10.8035954433	13.7512787167	-0.50414973456	-1.3736346972	-1.26695910282
20.2785585502	12.0365976542	14.7380101674	3.0011375311	4.49408842271	3.81937891772
19.1450622835	13.4584552046	10.725999	-1.36650738353	0.74245166542	2.26999183245
20.5092322626	14.8703215511	12.0758752065	-3.29145594117	2.14650867673	0.82032657452
16.3517393823	10.678463027	16.4677060271	-4.05848181462	1.40717828006	-2.20858531061
17.5752570409	12.0553809802	17.579073339	0.928025556216	2.8395649678	2.80525437068
16.3661873452	13.6331717837	19.1317659995	-0.717566844374	-2.07049961764	-3.08219249667
17.6972561328	14.8950580588	20.2509607943	-0.414842352777	-0.501526311654	6.29280726765
18.9957926524	10.8746665018	19.0267532896	-1.89554892796	0.0455252797755	0.790853584673
20.2038802157	12.1423902379	20.4427699229	2.30712564378	1.4558139992	-1.54149298981
18.9757231816	13.5895708289	16.4159532946	1.50952505115	-1.97873558805	-2.17184978625
20.3154552146	14.9581007367	17.7885957677	-0.412188087076	-0.357150591119	-1.18531837526
16.3089889003	10.6766705141	21.8348657569	-1.7468188394	2.36579345725	-1.72287241715
17.457904353	12.1633851743	22.9057786329	1.30839198642	0.959768937642	2.47939556423
16.2428096777	13.4455996345	24.5151008408	1.89882741596	0.796750222857	0.977141128991
17.7481106264	14.9196889394	25.8875622736	-1.70119591947	-0.85292513792	-1.60649802431
18.8308638628	10.8920736029	24.3405612356	1.86165707499	0.891494432081	1.80417911167
20.2653406695	12.3733453711	25.9231647048	0.199057305162	-2.27314606828	-2.05300943743
19.1145299383	13.4749051828	21.8489706464	-2.70060164473	1.9364436636	-1.6756996555
20.4013313511	15.0205497492	23.0570308186	1.8027610815	-2.46458918773	2.10383200076
16.3627435418	16.4530334668	-0.136643100297	-1.30141846602	-2.98316091417	1.23461078595
17.6834635491	17.613701546	1.18259117079	-0.0499664937998	1.79742921812	1.16151027785
16.2208369533	18.9454770769	2.60062832723	0.355952797595	0.252745833125	-0.229488048648
17.4716928717	20.2365408557	4.16375885688	0.0636750458914	3.8834426172	-2.0291789562
18.8521931899	16.4303414653	2.78896212558	2.60771586896	-2.25738278567	-3.09081481155
20.1961360417	17.5335373393	4.1373218892	1.53094120697	2.60177109232	-0.881850387863
19.1806761041	18.8145354828	-0.184176656273	0.0695588886368	2.38322423234	2.69777207003
20.2387004072	20.5566686251	1.47673297808	3.98214487083	-4.7950645582	-4.38750271934
16.2054721946	16.3242366814	5.50498868285	1.20922781935	0.812658851874	-3.15289479532
17.7077626753	17.6125639868	6.77045046364	-2.33995032803	2.41962343648	-0.661342411078
16.2297214968	19.065699969	8.09553732922	3.40198609041	-0.650519826247	0.466530344021
17.6782196995	20.4401966921	9.55566203947	-2.88750042182	0.697008392476	-1.22820453842
18.9958077761	16.409436123	7.95496451149	2.92839068295	-1.81858163973	2.96769693766
20.4622765314	17.8468736225	9.47435514938	-4.42656339497	-0.298212120208	-0.4177937106
18.9008415783	19.0683931396	5.31162329875	1.78860883078	-1.13701616909	2.32071179322
20.5177418112	20.3418642927	6.65517920865	-1.89686161053	1.0144394028	-1.51245441017
16.3600635806	16.3014816709	11.0384932931	-1.68263469563	-0.239301698625	-1.26070999486
17.7214800625	17.7918675878	12.3395111758	-3.16623424746	0.854103525938	-0.243294323167
16.1421853914	19.2022958823	13.6692566967	2.14468165768	-1.42424652114	-2.51397371434
17.5369214068	20.4313030526	14.8306328796	1.40191667663	-0.372862591437	4.19219491957
18.9033078036	16.3595791879	13.5631501249	4.86642351911	-0.873223505632	-0.528654912771
20.4772388537	17.7495906224	14.9188142126	-2.69671263796	0.0917233572084	-0.327248082295
18.8074311975	19.202694833	10.8380254666	4.68531020986	-1.72349046547	0.889951269413
20.3174264286	20.527120658	12.3000849018	0.998977948019	-3.27542788008	-2.82217211327
16.0983490939	16.3757138276	16.2000215225	3.78154554664	-1.52821705392	2.13700544646
17.7689004951	17.466536586	17.7890163381	-4.87790154217	1.3099299833	-0.973424462691
16.1310815128	19.1106047708	18.9189311643	2.82396327572	-3.57190101936	0.811750130101
17.476865217	20.2696908555	20.4727101894	2.53167294333	1.05505661176	-0.187462428067
18.8627493229	16.1210985577	19.1497095299	3.17633430994	1.55488526444	-1.3933099344
20.3320462102	17.4917375189	20.3906417105	-0.204453966229	2.04417706562	-0.0475520622937
18.9305745544	18.8932056879	16.4754719885	0.550495333091	2.4953125486	-2.97152781328
20.2755654333	20.4219673198	17.7723068858	-0.0227190832532	1.41067970033	-2.95561845015
16.3363546054	16.4711215924	21.7342051729	-0.538455746715	-5.17978952821	-0.776074013258
17.4805312894	17.8239273569	22.943340113	1.69234053704	-2.82314111101	2.08085463473
16.2906565542	18.8602104931	24.3695156518	0.19639821106	3.23876626035	2.07034927156
17.7120945722	20.2347017019	25.9091945105	-0.480421944819	1.40586464516	-1.99988822629
19.1125840641	16.1672536796	24.4737433444	-2.92638150204	0.64665190784	-1.48592693657
20.2292766196	17.5608960936	25.6031557341	4.7530659968	1.84725553826	0.303214758177
19.0059998137	18.8418277836	21.8905275357	0.560948830428	2.81815861459	-2.63873467098
20.2711949928	20.4959670285	23.117264883	1.77704918514	-1.13960013489	0.251779055691
16.1282617798	21.7360113691	0.0675940262236	3.07812554112	1.3437140493	-0.778653864547
17.82112016	23.0439056882	1.43713044208	-1.96310361339	-0.919474680527	-1.63914776022
16.4014870889	24.4125585774	2.73480148046	-1.50003756811	1.49618911335	-1.76683389493
17.7925435396	25.6215552613	4.13766506881	-2.14051034722	3.12334600983	-0.418955692253
19.1932529601	21.6082156218	2.69662611819	-5.02526562969	0.891355018152	3.59832358035
20.3672677246	23.0828240787	3.98659535462	-1.85076096838	1.69110014242	2.44932278741
19.0142073487	24.4669188048	-0.0488809541728	-0.454768309807	-0.894980201536	-0.203348833076
20.4104366552	25.6084263071	1.35659374945	-0.242422518593	2.97770379059	0.133276979218
16.1389510981	21.9046546786	5.55427054682	0.232857797018	-0.363599577534	-4.32040401482
17.6136691088	23.1553095439	6.71599083902	-1.55750440683	0.309700356326	3.53897737716
16.115802896	24.5472356467	8.26850876234	4.91648178257	-1.2660961626	-0.507600578063
17.7565022438	25.6738855735	9.70298962141	-2.17633172169	1.24706593911	-2.77475884394
18.9134235506	21.5541539991	7.95888280077	2.15789091473	2.68845724558	1.00189570761
20.4062040328	23.2482001149	9.46486349723	-1.63478380046	-6.86877961442	1.17744854916
18.8921580431	24.5497469317	5.59583798475	3.13670468083	-3.53484774114	-2.3992989895
20.302339268	25.6475441578	6.90647850748	0.971730846057	2.10505980334	-0.089808084972
16.3985960724	21.9188137646	10.9950229298	-1.89638719118	-3.32211576356	-2.67533208353
17.4625924856	23.080228841	12.1898653102	2.84326763292	1.92331234348	3.52613893073
16.1062245941	24.5235190604	13.7402628032	2.74410269335	0.00427564358994	-2.31634576035
17.6100908751	25.9403780711	14.9435432698	0.618028573017	-1.16301691217	0.257306226333
19.0329700671	21.6309116968	13.4916474836	-3.28864964685	2.46326840977	0.268172519191
20.2406794446	22.9914762077	14.7794325494	2.3120008401	3.18875949352	-0.511413066203
18.9631665772	24.3205222243	10.817106882	1.2181387295	0.941250083274	2.49988251762
20.4131457917	25.8632867267	12.1007863938	-1.95210737361	0.207929039848	0.451396398316
16.1695458432	21.8532103672	16.3776093184	3.28965026734	-2.28622304359	0.581570277078
17.8079958751	23.2562320186	17.5547663499	-0.526577799478	-2.75416190212	0.256520464562
16.3541493357	24.2941555241	18.9022892765	-1.59392252312	4.30213521578	0.149754348885
17.476262943	25.8674339141	20.4376250765	-0.42550523844	-0.549130291999	-2.31955746244
18.9796705929	21.80259173	19.1154665794	-2.2761327902	-1.44264752913	-0.722647239874
20.2478918861	23.1813876133	20.2560181505	1.50281187433	0.638923868772	0.884337135928
19.1601754429	24.545606366	16.2300842753	-1.13496311146	1.02255282589	-0.574729813191
20.2277817418	25.9456567028	17.8373214606	2.22994402952	-0.37244431465	-2.29597584824
16.2636811612	21.7527887925	21.8626331061	0.10152487162	1.43871899608	-2.32356871203
17.7142999295	23.1248858236	23.139300056	0.21538429966	-0.872406390347	-1.36284121964
16.4338019414	24.2391261352	24.470317794	-3.48713635148	1.3959717651	-0.552309477884
17.5216667033	25.6756225879	25.678409873	1.8836315202	1.55530283628	1.61290555341
19.0854541377	21.90220633	24.5352861202	-2.8819462213	-3.32786584646	-0.513906303134
20.2842906115	23.2042981575	25.6077789371	1.58204683885	0.139882021253	3.03139260516
18.8199750308	24.4961521414	21.5490944307	2.71747365604	0.957045452348	3.32726528615
20.4575064343	25.9368156232	23.1123849846	-2.28868803714	-3.08376103963	-0.89397599769
21.8032845513	0.0839582101308	0.0269448600979	-1.12173764052	-0.927919837829	-0.313152567294
23.1946172876	1.41088011698	1.30606347633	-3.05500254173	1.39681360007	-0.0979770335612
21.6386599787	2.72433227213	2.65406524789	1.4507068253	0.0435338341442	-0.664734235016
23.099343728	3.95612840865	4.18518929034	-0.934474099876	-0.863081424721	-3.16186038075
24.4310472377	0.195299693404	2.54732813194	2.07029843609	-1.18941195787	3.0740952312
25.7299651186	1.48360236707	4.23822429123	2.06278360853	-2.18482221536	-4.21074437125
24.3484365529	2.87380807296	0.045955225575	0.722684843275	-1.48291130535	-0.942994238886
25.6221357418	3.87522625807	1.55143058942	0.825004569071	2.96836171442	-0.00593314716593
21.6770844344	0.0536414458444	5.36889080172	-1.24058009295	-3.40040098281	-1.12404686487
22.902687272	1.18219796664	6.62046269067	1.77200299835	4.1213753528	2.40988774701
21.7152140352	2.73644708578	8.25938727899	-0.506294279762	-1.03248215551	-0.922538226449
22.9820344589	4.254869737	9.62314010841	0.643387026076	-4.80184955558	-0.45464181247
24.4541873902	0.165284333862	8.11013132717	-0.517534922031	-0.947782487538	0.209079663087
25.8227406546	1.53832636091	9.50205517185	0.833314234502	-3.10945768908	-1.06908692293
24.4470546013	2.55557167336	5.26552922161	-2.30439858499	1.4662897701	4.64710824594
25.629195624	4.02438839774	6.77759501902	0.53599393746	-0.390674540569	-0.279646604824
21.8363039042	0.103830768186	11.0553964883	-1.40112093412	0.991269509899	-1.58457243245
23.2601449689	1.45764484689	12.3078850203	-3.23613341644	1.78093890682	0.274180936044
21.6147159484	2.89462762424	13.7425249675	1.69598313809	-3.51530551707	-2.7829210538
23.0588306459	4.01864165969	14.8533438567	0.322266010557	1.34630424399	3.05857305985
24.4378368325	0.0151637698583	13.3927005932	1.29166927327	-0.310030592159	2.47121641383
25.7446140548	1.52356718982	14.7763044607	-0.515369840984	-1.11298898939	2.13183283772
24.4857782212	2.62748722534	10.7032714528	-1.12858089568	3.49297409198	2.30947221625
25.8683612648	4.03127181717	12.1601961546	-0.166290640641	-0.23925551013	-0.177608167855
21.8643577386	0.141978011005	16.3112722459	-3.16855876091	-1.88554883874	-1.51878639981
22.9412039361	1.43033196293	17.5548914537	4.40296829449	0.461186913564	2.61859958034
21.6456866229	2.8186958406	18.8464583432	-1.3413137348	-2.00222950553	2.22110032497
22.9736709544	3.94835568261	20.2702226737	1.0813065725	-0.150432030181	0.286790976807
24.5606705249	0.0530393074736	19.1697506992	-4.45509172516	-0.210203089155	-2.80034345149
25.6975955969	1.40384366389	20.2536517476	1.58121956562	1.44040514903	2.94216015289
24.481744129	2.91433744522	16.385149204	-1.6848031591	-3.90805615822	-2.42670721652
25.7502944945	3.90391782035	17.7061381947	1.40804489107	3.17609044233	0.919313056589
21.5751151161	-0.160835928847	21.7160129169	0.726630741295	3.81226955902	-1.16041066771
23.01099691	1.50758339445	22.9240916107	-1.72947681721	-3.10830396954	3.36755933214
21.5563147145	2.85109498995	24.4386507094	2.30414885462	-1.16346438772	1.0836659913
23.1192037213	4.20813114799	25.9012352859	-0.711554825049	-1.02361356547	-2.61594463735
24.6245016189	0.0393026110283	24.6228590826	-2.90332195607	-0.144977321599	-2.84732960882
25.6949142494	1.4090650303	25.8866315769	1.57465703668	0.329547412	1.50574382912
24.3155122436	2.71902392854	21.804307576	2.44108021577	0.84092780816	-2.62038861782
25.9535667779	3.94446764908	23.1075131181	-1.48020127766	-0.0892242340684	-1.16263855572
21.5237101482	5.30684824054	-0.113585095147	1.69891784223	2.32074504647	1.78497228655
23.1023635664	6.78642184239	1.52090477129	-1.19579852023	-0.341447484285	-5.09092184808
21.8244674724	8.29302069997	2.55472722706	-0.834483197356	1.07551392378	3.44372682656
23.2327077396	9.63682284863	4.1990191306	-1.90340187951	-2.29874356959	-1.16475679173
24.254488859	5.40594060267	2.84911763732	1.95133478516	-1.21739491504	-0.890369073906
25.5980612531	6.90465976109	3.91173769558	-0.184528484136	-1.3123055737	2.24095826232
24.4242029345	8.21351330179	-0.148935228062	-0.442546972051	-2.50610280862	2.12763644393
25.6829790988	9.50627724252	1.26461352857	1.31179742004	-0.554565184733	0.656431698731
21.8055566182	5.23900024905	5.26721057567	-1.30266134107	2.41449402541	4.16782878163
22.8839248765	6.95031466671	6.75441664713	1.06162338619	-4.79419758671	1.23743486449
21.8217960319	8.28879560447	8.22163494789	-3.12007260224	-4.34012662006	-0.451432529107
22.9238271949	9.37957567958	9.33786505731	2.72469644143	3.7346053724	3.43180120915
24.275046827	5.27131091186	8.32738605811	0.79753688192	4.41454644486	-3.3247448545
25.6887744272	6.9214920793	9.48067360136	0.108636810681	-1.72224726434	0.0765197823708
24.3132627631	8.01376669935	5.55779289043	3.47153978007	3.6943954818	0.112427244193
25.9340739633	9.6542509489	6.92085117581	-2.43527130687	-3.07233407018	-0.593216553045
21.6619825887	5.3340534291	10.8364154025	2.02562613091	2.26241434615	1.83497852377
23.0990136209	6.68231337506	12.1878865965	-0.590328311199	-0.595074666734	2.70399856303
21.5314169472	8.05316126647	13.6180001409	4.00568323842	0.838421724561	0.238701632864
23.2625792231	9.48262840966	14.9937365728	-4.18627194495	-0.888086582658	-0.998338693297
24.5592462378	5.24998712024	13.7651621778	-1.18834832183	1.68077811668	-4.39099004255
25.8564404228	6.71024116638	14.8663414514	0.253929292679	0.22014303855	1.91023954929
24.2552133886	8.16145418635	10.8258077397	2.224860905	1.13548504321	0.961453440269
25.985230338	9.55116071852	12.1188400885	-2.28313815898	-2.23954819409	-0.437862260565
21.7681649754	5.3638086658	16.3520170844	-0.112439090634	1.22920087068	-0.0357580513804
23.0796650476	6.73729279051	17.8308124913	-0.130226299638	-0.804397383674	-3.90537202093
21.7810800583	8.05907811596	18.8326774591	-1.01468965815	2.09910038378	5.25933657378
23.2452236645	9.5555561141	20.4532403541	-3.76700744487	-1.8803309961	-2.79079733712
24.2418155732	5.31699506354	18.9878622197	2.48763936502	-1.19853000634	0.569078426554
25.6692599855	6.59919889626	20.2798667666	-0.112750294052	2.49113102871	0.828320695408
24.3324942869	7.96738131536	16.2214827064	2.4302958372	0.688944542892	1.75921004498
25.6199441154	9.69881672934	17.5808989074	0.381570402974	-2.82151940368	-0.710957887244
21.8151602678	5.23482840595	21.6008327886	0.782284328967	3.23153032495	2.22015455543
23.161333026	6.84449595483	23.0860634055	-0.545203401814	-3.27153023177	-2.37870285033
21.8970883781	8.1793456675	24.2382114411	-2.31247558791	1.07798360447	2.83651083784
23.2719251817	9.4903413293	25.8547712376	-1.84704191995	-0.208576729021	-2.44484222032
24.5952848564	5.32727998083	24.3067891825	-2.0804253159	0.718125507316	1.15962196027
25.7402127915	6.66465924809	25.7634745157	1.6682758385	1.37440189008	-0.470418442902
24.3201939715	8.20073105886	21.6773123607	2.21471265247	-2.9170321473	-0.745075427499
25.6173329951	9.41738287825	22.9613370285	2.1966138231	1.94886106835	0.883008671293
21.8659999372	10.6791163785	-0.100846746743	-0.439877234162	3.04065654669	-0.326708496211
23.200110204	12.1654514682	1.23920345563	-2.77750986933	2.09523005836	0.517702576946
21.7097481932	13.7303135118	2.91495553538	1.72335144308	-3.6814989792	-3.04832532219
23.0832021457	14.77887721	4.11594989016	-0.594875734274	4.74681981991	1.42285344558
24.2530710494	10.7587599057	2.52428024863	3.0560365647	1.21154193315	1.45993981401
25.9735209305	12.36613066	4.09073612359	-2.56132853681	-1.80994391928	0.276657583817
24.5878267714	13.5795037105	-0.0980216656148	-0.782700985488	0.31015911909	1.72248224434
25.6326854077	15.1102633541	1.48308877551	2.77212705248	-3.86690270038	-2.01917045584
21.8492352073	10.9275951873	5.43367771593	-3.56550365399	-2.46666365981	-0.208617815558
23.0116769072	12.0660107544	6.64079748794	2.2450996536	2.79528302232	2.97855088571
21.6197837676	13.4021934725	8.13326692064	2.03660131965	2.34735329828	-3.91179083575
23.0044218917	14.7528255946	9.40299807972	1.85177823527	2.27834036035	2.62510274904
24.3998205334	10.8480590774	8.21491822548	0.846933233942	1.71904777292	0.0473351004327
25.9706690426	12.3700735133	9.56487308033	-0.360030579163	-2.61065731055	-2.04310245371
24.431139804	13.6267319504	5.41015595844	0.989415584279	-1.84892886005	1.25204683544
25.9771785605	14.9795178719	6.71807258855	-2.39060606519	0.308111009674	0.804461028823
21.8668925791	10.8505568716	11.0234259917	-2.94931201688	-0.0133571923755	-3.97413686907
22.8840570418	12.2335620892	12.252472287	5.58939231997	-1.18094647703	1.41161367254
21.8182863632	13.682013705	13.4139519501	-3.72837937715	-2.2182721525	2.00488102794
22.9154486759	15.0114191056	14.7551016363	3.62891434416	-1.15208852248	2.05343835763
24.6299623799	10.6962468884	13.6554792217	-1.35071846389	2.46892373454	-1.44353384641
25.9036452316	12.0430772169	15.0958238685	-0.922364190922	1.19066102152	-0.561582581746
24.5536736727	13.3957008423	10.9589432223	-3.49797121298	0.973481469116	-2.31838119102
25.7950950586	14.7477863711	12.0506562981	0.89195618927	0.485995119946	3.30027138491
21.8521767079	10.9424887579	16.4090031839	-2.71820784551	-1.97248027383	-3.38630184208
22.9013565015	12.1282319136	17.7060513237	4.69352542146	3.16342235906	1.7269437267
21.6160672596	13.6466359914	19.1072935878	-0.249283715753	-2.07839525042	-0.400265014459
23.0494232884	15.0102157136	20.236081304	1.44035483288	0.24979503011	2.40792679582
24.5214708549	10.8379570653	19.2005663212	-2.66334557128	1.15427434511	-3.4909054598
25.7373566613	12.2637125317	20.1646764934	2.62614566605	-0.255110097394	2.22832904445
24.5372995005	13.6591691908	16.2239345665	-3.96984061535	-1.24499513912	-0.0351913323514
25.6280083026	14.9450580974	17.7780439563	2.86091449234	-0.522665215835	-1.68135863261
21.6345176724	10.7796332854	21.5616228545	2.105093294	2.21831861571	2.3632736525
23.2723050311	12.2473449455	23.0359193839	-4.94580192489	-1.05088595078	0.123430698565
21.8828978703	13.6596876331	24.6207478682	-2.29841924468	-2.04292364554	-3.81458076014
23.0791261039	14.738970882	25.9320506962	2.70499009735	4.07624274642	-0.588312623527
24.4521541395	10.9397489237	24.4396917625	0.602190111261	-1.46219163756	-0.578283000378
25.7167776219	12.3639903251	25.6476393589	0.984437225383	-1.14147652627	0.851963909797
24.4703751912	13.447569147	21.6397133037	0.195924560966	4.10176947623	-0.90534464899
25.7944422637	15.1052369877	22.9683576472	-1.83709586439	-1.68081384909	0.924798722322
21.7633096755	16.225939594	-0.0105759158652	-1.19901361309	-0.475376585452	-1.00192734377
23.1749163317	17.4924416167	1.16072473057	-0.205793425563	0.591985153587	2.73219240396
21.6773993288	18.8145031024	2.6368676778	-0.572079196421	0.878384609625	-0.688546878861
23.1858930434	20.2183703144	3.88338122407	-1.93519122001	2.77939527623	-0.147449343988
24.4849183095	16.1092731995	2.70178987462	-2.92924933201	3.87603339265	2.25801916528
25.5998808997	17.74273002	4.20739128799	1.79689656778	-2.39007854244	-2.99544909231
24.5494152573	18.8538489086	-0.11704285307	-0.504421556545	1.04636475114	0.419398678988
25.8055140231	20.3584890371	1.17549525583	0.491100150252	-0.745033040743	2.27344340541
21.635349794	16.4373767549	5.56912702873	0.887932418642	-3.49766062966	-4.07793450217
23.1158370716	17.4925399548	6.59229845959	-0.187653880048	1.92427119403	4.75005760529
21.701245001	19.0311329542	8.02545760926	3.63947084625	-0.653892633972	-0.0871063964468
23.1576239957	20.3495463956	9.51988344174	0.318886141528	0.736492675163	-4.21003947838
24.5833295826	16.3604884904	8.20021062966	-1.92552312416	-2.46736809642	-1.13482415118
25.8096616914	17.7850416422	9.49109158156	1.59746876942	-1.50248544772	0.48117610631
24.2373690519	18.8595723966	5.33071303736	1.45888579012	2.73350631896	1.08734972486
25.6791365143	20.3992882326	6.62211837071	0.150188658002	-2.12565609336	1.24288476116
21.6501377428	16.4892557398	10.8335372935	2.24299689406	-2.98475144437	-1.18526091354
22.982361629	17.5731740979	12.3827641605	2.54582153029	1.39339207742	-3.11613985465
21.8487881899	19.1269649794	13.5292269409	-1.33867480641	0.814137017956	1.25643407261
23.2731713542	20.535891981	14.8279696702	-2.97020710963	-1.75606771876	1.97181674456
24.5544671299	16.1792151252	13.4775874565	-0.383588148072	0.605053819101	0.493921664869
25.8168045609	17.8080856305	14.7460122373	0.153726644254	-2.11893080828	0.50257339318
24.3868239365	18.9935221977	10.7186029134	0.0474326413801	0.0240325153376	4.96443802334
25.692375912	20.478535922	12.3427145182	0.732699096785	-3.2412336845	-3.08007845501
21.5842087774	16.2283366324	16.1646228552	0.347077703164	-0.00843981224651	1.52354809845
22.9059644567	17.4827069125	17.6954881518	-1.25864825249	2.90396110937	-1.27379583459
21.5425690646	19.1725017742	18.9934377547	1.88277503425	-3.37809107436	1.6329585614
22.8834964752	20.432100974	20.5357736106	0.944396701189	0.0398900678765	-2.27892246529
24.4871145399	16.4386656314	18.8269785267	-1.05976671586	-1.27932379707	3.14627718284
25.8935620038	17.4795715734	20.4088604786	-1.38196479212	1.76251968146	-0.0893205096651
24.271751029	18.8309051686	16.1755960198	0.766442794978	1.34729266332	1.00571595203
25.7562919956	20.2565486441	17.5369241759	-1.50607090591	-0.250578529964	2.37267917192
21.7421221702	16.3705176609	21.8475743475	-1.32186529026	-3.24023118679	-4.10753157425
22.8841040752	17.5076868443	22.8939521574	6.31002409682	3.25839448385	2.68163460154
21.9208483093	19.0706091689	24.3456203904	-3.56465645053	-0.461114299887	0.61885356977
23.1878385266	20.3592612644	25.8798527633	-0.621068581915	-0.0709766844774	-0.455861171053
24.6014652323	16.4704119837	24.5655292037	-3.41038551939	-1.97565516326	-1.09127021966
25.9781395462	17.7514532576	25.9256666203	-0.241081547151	-0.340225318085	-0.684856821951
24.5793322309	19.1773659002	21.594617762	-1.07665288848	-1.78194634419	2.01735500355
25.7407321197	20.5543454457	23.2730325918	-0.580172366711	-0.810970492577	-1.34412474521
21.7039870509	21.7823539295	-0.152842266616	-0.236370087378	0.426220644287	2.23643106737
23.1573657641	23.0871017031	1.41417523776	-1.68568320224	0.114172951202	-1.91158120557
21.692284882	24.3598087039	2.74764914396	2.1130512261	0.8964199111	0.0846021032338
23.2772782303	25.7285183609	4.06967850753	-3.18572773044	1.81463430078	-2.33174022836
24.598176491	21.8513672998	2.61003983369	-0.0768835748182	-1.84464515506	1.88779799849
25.8486303196	23.1943399871	4.25351404476	-0.798156141021	-1.43530472084	-1.65752794449
24.4405059425	24.5381167819	0.0654848539371	0.353596842441	-0.366571510787	-0.284533210262
25.878256222	25.8093926188	1.47465186253	-1.19644747257	0.0286616914211	-0.494903969483
21.7727543062	21.8807915926	5.23626783289	0.607039436068	-4.53245732425	-0.63200952116
23.0011185433	22.9554415133	6.67549933335	0.0026963590312	3.40423906989	1.28700249539
21.5903677188	24.2375938298	8.28035752182	4.54974839543	3.99817781078	-1.90416337531
23.1050591253	25.9537962564	9.60803937555	-0.658837897729	-2.67599520614	-0.930105476587
24.5257396264	21.8891489583	7.99957303917	-2.61557862361	-3.92772470657	0.826746987546
25.663009336	22.9889980556	9.46058638259	1.79354078232	3.19699362488	1.12202526029
24.3233649665	24.4656286259	5.33467808999	0.787862905685	-1.48039144073	2.410248189
25.60683871	25.8048140511	6.67469783588	0.651765727556	0.789015376447	1.01913786088
21.8295870568	21.5673622556	10.784952248	-2.83695258988	3.27888930473	0.00918784032375
22.9488776212	22.9465234853	12.3329603837	1.76919822211	1.99758831193	-3.02908676843
21.7438211812	24.5961763971	13.4292583358	-1.45771293098	-2.55659162285	2.51403036481
23.1950251707	25.7256325493	14.9061803954	-1.60415682695	2.46616817165	-0.870905603346
24.3650342535	21.6839431056	13.4756990767	2.59443859	3.80864596005	2.63784750792
25.8999274987	23.2288700609	14.8536263233	-3.21126083545	-1.16578185165	0.309980394642
24.5367269863	24.5189754011	11.022106507	-2.60406130897	-1.67367401878	-0.814099322642
25.8993760191	25.9158441014	12.2660047352	-0.942723286033	-0.675620538145	-0.380555188302
21.6609049591	21.8305612998	16.1598131705	-0.232755835208	-2.93186622524	0.935740128425
23.056828054	22.9964058135	17.563741993	-0.19956053238	2.75754009734	0.10899522983
21.7666708648	24.5215550905	18.9581972448	-1.52408725963	-1.32069343131	-0.744136961404
22.9361441431	25.7668534532	20.3525108612	3.44076108899	-0.682680321055	1.95016247454
24.2551048604	21.8987936099	19.1607900108	1.64408678694	-2.95710776178	-0.788633876232
25.7500167534	23.2197866035	20.4181571752	1.12469788108	-2.041879483	-1.01845731632
24.3853378937	24.5933902825	16.3174487287	1.60897480273	-2.87880553996	0.0764468741309
25.6512531311	25.9573843638	17.7402361046	1.13152823323	-1.90825826166	0.14951678295
21.6168940526	21.8661237925	21.6850216857	0.119875957036	1.10696201283	1.95420474696
23.2241168444	23.2269854867	23.0495292469	-3.28334918543	-2.5571735669	0.835212467253
21.7409241487	24.4468010601	24.4561497837	0.272834347629	1.16147956506	-2.27497790306
23.0190121332	25.846109774	25.7122876854	1.04478114202	0.236218756629	1.50780672718
24.3648910858	21.9139546664	24.6168599261	1.12259411034	-0.817492717237	-0.272547122656
25.9405252643	23.0227073964	25.9651729421	-0.419691718893	0.819352711748	0.069969452045
24.5363138	24.2829231355	21.7917709039	-1.05178118635	6.06961214093	-1.08985294219
25.9128555265	25.876975803	23.0831453782	-0.335084218485	-0.42763968583	-0.765695838387