0	1.05027260065	1.08143914017	0.918294842043	0.986477728851	0.769581763794	1.46464856171	1.15840956614	1.25877677957	0.697706093227	1.04707443219	1.07189738109
1	1.05027260065	1.08143914017	0.918294842043	0.986477728851	0.769581763794	1.46464856171	1.15840956614	1.25877677957	0.697706093227	1.04707443219	1.07189738109
2	1.05027260065	1.08143914017	0.918294842043	0.986477728851	0.769581763794	1.46464856171	1.15840956614	1.25877677957	0.697706093227	1.04707443219	1.07189738109
3	1.0502726163	1.08143914017	0.918294842043	0.986477728851	0.769581763794	1.46464856171	1.15840956614	1.25877677957	0.697706093227	1.04707443219	1.07189738109
4	1.05027260065	1.08143915628	0.918294842043	0.986477728851	0.769581763794	1.46464856171	1.15840956614	1.25877677957	0.697706093227	1.04707443219	1.07189738109
5	1.05027260065	1.08143914017	0.918294855727	0.986477728851	0.769581763794	1.46464856171	1.15840956614	1.25877677957	0.697706093227	1.04707443219	1.07189738109
6	1.05027260065	1.08143914017	0.918294842043	0.986477743551	0.769581763794	1.46464856171	1.15840956614	1.25877677957	0.697706093227	1.04707443219	1.07189738109
7	1.05027260065	1.08143914017	0.918294842043	0.986477728851	0.769581775261	1.46464856171	1.15840956614	1.25877677957	0.697706093227	1.04707443219	1.07189738109
8	1.05027260065	1.08143914017	0.918294842043	0.986477728851	0.769581763794	1.46464858353	1.15840956614	1.25877677957	0.697706093227	1.04707443219	1.07189738109
9	1.05027260065	1.08143914017	0.918294842043	0.986477728851	0.769581763794	1.46464856171	1.1584095834	1.25877677957	0.697706093227	1.04707443219	1.07189738109
10	1.05027260065	1.08143914017	0.918294842043	0.986477728851	0.769581763794	1.46464856171	1.15840956614	1.25877679832	0.697706093227	1.04707443219	1.07189738109
11	1.05027260065	1.08143914017	0.918294842043	0.986477728851	0.769581763794	1.46464856171	1.15840956614	1.25877677957	0.697706103624	1.04707443219	1.07189738109
12	1.05027260065	1.08143914017	0.918294842043	0.986477728851	0.769581763794	1.46464856171	1.15840956614	1.25877677957	0.697706093227	1.04707444779	1.07189738109
13	1.05027260065	1.08143914017	0.918294842043	0.986477728851	0.769581763794	1.46464856171	1.15840956614	1.25877677957	0.697706093227	1.04707443219	1.07189739706
14	1.0092311033	0.98885390511	0.985672420001	1.02978631431	-1.84647640493	-1.0609931796	0.460256379693	0.271199901085	2.17783698393	1.00660350149	0.991853564369
15	1.05892706764	1.0637567423	0.926689491286	0.994341910525	1.00073573434	1.34879247776	1.01579953491	1.75723840579	1.73357584429	1.02157404158	1.04224453655
16	1.05892708342	1.0637567423	0.926689491286	0.994341910525	1.00073573434	1.34879247776	1.01579953491	1.75723840579	1.73357584429	1.02157404158	1.04224453655
17	1.05892706764	1.06375675815	0.926689491286	0.994341910525	1.00073573434	1.34879247776	1.01579953491	1.75723840579	1.73357584429	1.02157404158	1.04224453655
18	1.05892706764	1.0637567423	0.926689505094	0.994341910525	1.00073573434	1.34879247776	1.01579953491	1.75723840579	1.73357584429	1.02157404158	1.04224453655
19	1.05892706764	1.0637567423	0.926689491286	0.994341925341	1.00073573434	1.34879247776	1.01579953491	1.75723840579	1.73357584429	1.02157404158	1.04224453655
20	1.05892706764	1.0637567423	0.926689491286	0.994341910525	1.00073574925	1.34879247776	1.01579953491	1.75723840579	1.73357584429	1.02157404158	1.04224453655
21	1.05892706764	1.0637567423	0.926689491286	0.994341910525	1.00073573434	1.34879249786	1.01579953491	1.75723840579	1.73357584429	1.02157404158	1.04224453655
22	1.05892706764	1.0637567423	0.926689491286	0.994341910525	1.00073573434	1.34879247776	1.01579955005	1.75723840579	1.73357584429	1.02157404158	1.04224453655
23	1.05892706764	1.0637567423	0.926689491286	0.994341910525	1.00073573434	1.34879247776	1.01579953491	1.75723843198	1.73357584429	1.02157404158	1.04224453655
24	1.05892706764	1.0637567423	0.926689491286	0.994341910525	1.00073573434	1.34879247776	1.01579953491	1.75723840579	1.73357587012	1.02157404158	1.04224453655
25	1.05892706764	1.0637567423	0.926689491286	0.994341910525	1.00073573434	1.34879247776	1.01579953491	1.75723840579	1.73357584429	1.0215740568	1.04224453655
26	1.05892706764	1.0637567423	0.926689491286	0.994341910525	1.00073573434	1.34879247776	1.01579953491	1.75723840579	1.73357584429	1.02157404158	1.04224455208
27	1.0607941714	0.991543238994	0.93764687885	1.08398323926	1.06328042427	1.28813750812	0.997392867928	1.85291025686	2.0309105548	0.942415387352	0.991471646253
28	1.06079418721	0.991543238994	0.93764687885	1.08398323926	1.06328042427	1.28813750812	0.997392867928	1.85291025686	2.0309105548	0.942415387352	0.991471646253
29	1.0607941714	0.991543253769	0.93764687885	1.08398323926	1.06328042427	1.28813750812	0.997392867928	1.85291025686	2.0309105548	0.942415387352	0.991471646253
30	1.0607941714	0.991543238994	0.937646892822	1.08398323926	1.06328042427	1.28813750812	0.997392867928	1.85291025686	2.0309105548	0.942415387352	0.991471646253
31	1.0607941714	0.991543238994	0.93764687885	1.08398325541	1.06328042427	1.28813750812	0.997392867928	1.85291025686	2.0309105548	0.942415387352	0.991471646253
32	1.0607941714	0.991543238994	0.93764687885	1.08398323926	1.06328044012	1.28813750812	0.997392867928	1.85291025686	2.0309105548	0.942415387352	0.991471646253
33	1.0607941714	0.991543238994	0.93764687885	1.08398323926	1.06328042427	1.28813752732	0.997392867928	1.85291025686	2.0309105548	0.942415387352	0.991471646253
34	1.0607941714	0.991543238994	0.93764687885	1.08398323926	1.06328042427	1.28813750812	0.997392882791	1.85291025686	2.0309105548	0.942415387352	0.991471646253
35	1.0607941714	0.991543238994	0.93764687885	1.08398323926	1.06328042427	1.28813750812	0.997392867928	1.85291028447	2.0309105548	0.942415387352	0.991471646253
36	1.0607941714	0.991543238994	0.93764687885	1.08398323926	1.06328042427	1.28813750812	0.997392867928	1.85291025686	2.03091058507	0.942415387352	0.991471646253
37	1.0607941714	0.991543238994	0.93764687885	1.08398323926	1.06328042427	1.28813750812	0.997392867928	1.85291025686	2.0309105548	0.942415401395	0.991471646253
38	1.0607941714	0.991543238994	0.93764687885	1.08398323926	1.06328042427	1.28813750812	0.997392867928	1.85291025686	2.0309105548	0.942415387352	0.991471661027
39	1.04744908608	0.989199663065	0.944495508784	1.05347197437	0.921663964513	1.09291508426	1.07129770656	1.45244011879	1.4996218867	0.917390972968	1.02162872382
40	1.04744910168	0.989199663065	0.944495508784	1.05347197437	0.921663964513	1.09291508426	1.07129770656	1.45244011879	1.4996218867	0.917390972968	1.02162872382
41	1.04744908608	0.989199677805	0.944495508784	1.05347197437	0.921663964513	1.09291508426	1.07129770656	1.45244011879	1.4996218867	0.917390972968	1.02162872382
42	1.04744908608	0.989199663065	0.944495522858	1.05347197437	0.921663964513	1.09291508426	1.07129770656	1.45244011879	1.4996218867	0.917390972968	1.02162872382
43	1.04744908608	0.989199663065	0.944495508784	1.05347199007	0.921663964513	1.09291508426	1.07129770656	1.45244011879	1.4996218867	0.917390972968	1.02162872382
44	1.04744908608	0.989199663065	0.944495508784	1.05347197437	0.921663978247	1.09291508426	1.07129770656	1.45244011879	1.4996218867	0.917390972968	1.02162872382
45	1.04744908608	0.989199663065	0.944495508784	1.05347197437	0.921663964513	1.09291510055	1.07129770656	1.45244011879	1.4996218867	0.917390972968	1.02162872382
46	1.04744908608	0.989199663065	0.944495508784	1.05347197437	0.921663964513	1.09291508426	1.07129772252	1.45244011879	1.4996218867	0.917390972968	1.02162872382
47	1.04744908608	0.989199663065	0.944495508784	1.05347197437	0.921663964513	1.09291508426	1.07129770656	1.45244014043	1.4996218867	0.917390972968	1.02162872382
48	1.04744908608	0.989199663065	0.944495508784	1.05347197437	0.921663964513	1.09291508426	1.07129770656	1.45244011879	1.49962190905	0.917390972968	1.02162872382
49	1.04744908608	0.989199663065	0.944495508784	1.05347197437	0.921663964513	1.09291508426	1.07129770656	1.45244011879	1.4996218867	0.917390986639	1.02162872382
50	1.04744908608	0.989199663065	0.944495508784	1.05347197437	0.921663964513	1.09291508426	1.07129770656	1.45244011879	1.4996218867	0.917390972968	1.02162873905
51	0.993903934482	1.00020571031	1.00407083529	1.0007861772	0.983896569629	0.993410703512	0.998548903498	0.896414445079	0.988759040069	1.0020400237	1.00047442812
52	1.04181802827	0.998680646462	0.949278552816	1.03225179592	0.901843711856	1.02590360458	1.07706671431	1.39553455333	1.27111720524	0.938532245044	1.01833614188
53	1.0418180438	0.998680646462	0.949278552816	1.03225179592	0.901843711856	1.02590360458	1.07706671431	1.39553455333	1.27111720524	0.938532245044	1.01833614188
54	1.04181802827	0.998680661343	0.949278552816	1.03225179592	0.901843711856	1.02590360458	1.07706671431	1.39553455333	1.27111720524	0.938532245044	1.01833614188
55	1.04181802827	0.998680646462	0.949278566961	1.03225179592	0.901843711856	1.02590360458	1.07706671431	1.39553455333	1.27111720524	0.938532245044	1.01833614188
56	1.04181802827	0.998680646462	0.949278552816	1.0322518113	0.901843711856	1.02590360458	1.07706671431	1.39553455333	1.27111720524	0.938532245044	1.01833614188
57	1.04181802827	0.998680646462	0.949278552816	1.03225179592	0.901843725294	1.02590360458	1.07706671431	1.39553455333	1.27111720524	0.938532245044	1.01833614188
58	1.04181802827	0.998680646462	0.949278552816	1.03225179592	0.901843711856	1.02590361987	1.07706671431	1.39553455333	1.27111720524	0.938532245044	1.01833614188
59	1.04181802827	0.998680646462	0.949278552816	1.03225179592	0.901843711856	1.02590360458	1.07706673036	1.39553455333	1.27111720524	0.938532245044	1.01833614188
60	1.04181802827	0.998680646462	0.949278552816	1.03225179592	0.901843711856	1.02590360458	1.07706671431	1.39553457413	1.27111720524	0.938532245044	1.01833614188
61	1.04181802827	0.998680646462	0.949278552816	1.03225179592	0.901843711856	1.02590360458	1.07706671431	1.39553455333	1.27111722418	0.938532245044	1.01833614188
62	1.04181802827	0.998680646462	0.949278552816	1.03225179592	0.901843711856	1.02590360458	1.07706671431	1.39553455333	1.27111720524	0.938532259029	1.01833614188
63	1.04181802827	0.998680646462	0.949278552816	1.03225179592	0.901843711856	1.02590360458	1.07706671431	1.39553455333	1.27111720524	0.938532245044	1.01833615706
64	0.996282310559	1.00008970839	1.00149256316	0.999864104796	0.985138797484	0.999799931255	1.00035659703	0.938868421604	1.0191740389	1.00072255019	1.00033435956
65	1.03988619135	1.00072193409	0.951253182335	1.02552953752	0.899797115617	1.01400499837	1.07936815141	1.37507649926	1.24178306017	0.945533573531	1.01547731002
66	1.03988620684	1.00072193409	0.951253182335	1.02552953752	0.899797115617	1.01400499837	1.07936815141	1.37507649926	1.24178306017	0.945533573531	1.01547731002
67	1.03988619135	1.000721949	0.951253182335	1.02552953752	0.899797115617	1.01400499837	1.07936815141	1.37507649926	1.24178306017	0.945533573531	1.01547731002
68	1.03988619135	1.00072193409	0.95125319651	1.02552953752	0.899797115617	1.01400499837	1.07936815141	1.37507649926	1.24178306017	0.945533573531	1.01547731002
69	1.03988619135	1.00072193409	0.951253182335	1.0255295528	0.899797115617	1.01400499837	1.07936815141	1.37507649926	1.24178306017	0.945533573531	1.01547731002
70	1.03988619135	1.00072193409	0.951253182335	1.02552953752	0.899797129025	1.01400499837	1.07936815141	1.37507649926	1.24178306017	0.945533573531	1.01547731002
71	1.03988619135	1.00072193409	0.951253182335	1.02552953752	0.899797115617	1.01400501348	1.07936815141	1.37507649926	1.24178306017	0.945533573531	1.01547731002
72	1.03988619135	1.00072193409	0.951253182335	1.02552953752	0.899797115617	1.01400499837	1.0793681675	1.37507649926	1.24178306017	0.945533573531	1.01547731002
73	1.03988619135	1.00072193409	0.951253182335	1.02552953752	0.899797115617	1.01400499837	1.07936815141	1.37507651975	1.24178306017	0.945533573531	1.01547731002
74	1.03988619135	1.00072193409	0.951253182335	1.02552953752	0.899797115617	1.01400499837	1.07936815141	1.37507649926	1.24178307868	0.945533573531	1.01547731002
75	1.03988619135	1.00072193409	0.951253182335	1.02552953752	0.899797115617	1.01400499837	1.07936815141	1.37507649926	1.24178306017	0.945533587621	1.01547731002
76	1.03988619135	1.00072193409	0.951253182335	1.02552953752	0.899797115617	1.01400499837	1.07936815141	1.37507649926	1.24178306017	0.945533573531	1.01547732515
77	1.02977878685	1.00169403307	0.962923896986	1.01617497375	0.906847729039	1.00179146682	1.07601898642	1.32177222262	1.1890237084	0.962430072381	1.01011694544
78	1.02977880219	1.00169403307	0.962923896986	1.01617497375	0.906847729039	1.00179146682	1.07601898642	1.32177222262	1.1890237084	0.962430072381	1.01011694544
79	1.02977878685	1.001694048	0.962923896986	1.01617497375	0.906847729039	1.00179146682	1.07601898642	1.32177222262	1.1890237084	0.962430072381	1.01011694544
80	1.02977878685	1.00169403307	0.962923911335	1.01617497375	0.906847729039	1.00179146682	1.07601898642	1.32177222262	1.1890237084	0.962430072381	1.01011694544
81	1.02977878685	1.00169403307	0.962923896986	1.01617498889	0.906847729039	1.00179146682	1.07601898642	1.32177222262	1.1890237084	0.962430072381	1.01011694544
82	1.02977878685	1.00169403307	0.962923896986	1.01617497375	0.906847742553	1.00179146682	1.07601898642	1.32177222262	1.1890237084	0.962430072381	1.01011694544
83	1.02977878685	1.00169403307	0.962923896986	1.01617497375	0.906847729039	1.00179148175	1.07601898642	1.32177222262	1.1890237084	0.962430072381	1.01011694544
84	1.02977878685	1.00169403307	0.962923896986	1.01617497375	0.906847729039	1.00179146682	1.07601900245	1.32177222262	1.1890237084	0.962430072381	1.01011694544
85	1.02977878685	1.00169403307	0.962923896986	1.01617497375	0.906847729039	1.00179146682	1.07601898642	1.32177224232	1.1890237084	0.962430072381	1.01011694544
86	1.02977878685	1.00169403307	0.962923896986	1.01617497375	0.906847729039	1.00179146682	1.07601898642	1.32177222262	1.18902372612	0.962430072381	1.01011694544
87	1.02977878685	1.00169403307	0.962923896986	1.01617497375	0.906847729039	1.00179146682	1.07601898642	1.32177222262	1.1890237084	0.962430086723	1.01011694544
88	1.02977878685	1.00169403307	0.962923896986	1.01617497375	0.906847729039	1.00179146682	1.07601898642	1.32177222262	1.1890237084	0.962430072381	1.01011696049
89	1.00954326171	1.00059074089	0.987326473291	1.0052508302	0.942947190133	0.999711835897	1.04941627945	1.18434270625	1.10781854149	0.988889016571	1.0031268786
90	1.02431299402	1.00153549365	0.969636235797	1.01263598247	0.913242089108	0.999975672556	1.07197244906	1.29711285659	1.17021746998	0.970442716377	1.00788621812
91	1.02431300928	1.00153549365	0.969636235797	1.01263598247	0.913242089108	0.999975672556	1.07197244906	1.29711285659	1.17021746998	0.970442716377	1.00788621812
92	1.02431299402	1.00153550857	0.969636235797	1.01263598247	0.913242089108	0.999975672556	1.07197244906	1.29711285659	1.17021746998	0.970442716377	1.00788621812
93	1.02431299402	1.00153549365	0.969636250246	1.01263598247	0.913242089108	0.999975672556	1.07197244906	1.29711285659	1.17021746998	0.970442716377	1.00788621812
94	1.02431299402	1.00153549365	0.969636235797	1.01263599756	0.913242089108	0.999975672556	1.07197244906	1.29711285659	1.17021746998	0.970442716377	1.00788621812
95	1.02431299402	1.00153549365	0.969636235797	1.01263598247	0.913242102717	0.999975672556	1.07197244906	1.29711285659	1.17021746998	0.970442716377	1.00788621812
96	1.02431299402	1.00153549365	0.969636235797	1.01263598247	0.913242089108	0.999975687457	1.07197244906	1.29711285659	1.17021746998	0.970442716377	1.00788621812
97	1.02431299402	1.00153549365	0.969636235797	1.01263598247	0.913242089108	0.999975672556	1.07197246503	1.29711285659	1.17021746998	0.970442716377	1.00788621812
98	1.02431299402	1.00153549365	0.969636235797	1.01263598247	0.913242089108	0.999975672556	1.07197244906	1.29711287592	1.17021746998	0.970442716377	1.00788621812
99	1.02431299402	1.00153549365	0.969636235797	1.01263598247	0.913242089108	0.999975672556	1.07197244906	1.29711285659	1.17021748742	0.970442716377	1.00788621812
100	1.02431299402	1.00153549365	0.969636235797	1.01263598247	0.913242089108	0.999975672556	1.07197244906	1.29711285659	1.17021746998	0.970442730838	1.00788621812
101	1.02431299402	1.00153549365	0.969636235797	1.01263598247	0.913242089108	0.999975672556	1.07197244906	1.29711285659	1.17021746998	0.970442716377	1.00788623314
102	1.01402337496	1.0008654727	0.982245420005	1.00728832874	0.930188480583	0.999564825615	1.06009362227	1.23725045382	1.13430514986	0.983981029149	1.00436959319
103	1.01402339007	1.0008654727	0.982245420005	1.00728832874	0.930188480583	0.999564825615	1.06009362227	1.23725045382	1.13430514986	0.983981029149	1.00436959319
104	1.01402337496	1.00086548762	0.982245420005	1.00728832874	0.930188480583	0.999564825615	1.06009362227	1.23725045382	1.13430514986	0.983981029149	1.00436959319
105	1.01402337496	1.0008654727	0.982245434642	1.00728832874	0.930188480583	0.999564825615	1.06009362227	1.23725045382	1.13430514986	0.983981029149	1.00436959319
106	1.01402337496	1.0008654727	0.982245420005	1.00728834375	0.930188480583	0.999564825615	1.06009362227	1.23725045382	1.13430514986	0.983981029149	1.00436959319
107	1.01402337496	1.0008654727	0.982245420005	1.00728832874	0.930188494444	0.999564825615	1.06009362227	1.23725045382	1.13430514986	0.983981029149	1.00436959319
108	1.01402337496	1.0008654727	0.982245420005	1.00728832874	0.930188480583	0.999564840509	1.06009362227	1.23725045382	1.13430514986	0.983981029149	1.00436959319
109	1.01402337496	1.0008654727	0.982245420005	1.00728832874	0.930188480583	0.999564825615	1.06009363807	1.23725045382	1.13430514986	0.983981029149	1.00436959319
110	1.01402337496	1.0008654727	0.982245420005	1.00728832874	0.930188480583	0.999564825615	1.06009362227	1.23725047225	1.13430514986	0.983981029149	1.00436959319
111	1.01402337496	1.0008654727	0.982245420005	1.00728832874	0.930188480583	0.999564825615	1.06009362227	1.23725045382	1.13430516677	0.983981029149	1.00436959319
112	1.01402337496	1.0008654727	0.982245420005	1.00728832874	0.930188480583	0.999564825615	1.06009362227	1.23725045382	1.13430514986	0.983981043811	1.00436959319
113	1.01402337496	1.0008654727	0.982245420005	1.00728832874	0.930188480583	0.999564825615	1.06009362227	1.23725045382	1.13430514986	0.983981029149	1.00436960815
114	1.00161469277	1.00006440567	0.997780210393	1.00091961671	0.97672666795	0.999850079679	1.01990841481	1.05996460005	1.04118356139	0.998771034505	1.00046312579
115	1.01216511363	1.00072888411	0.984766404238	1.00622712263	0.933870681868	0.999518142244	1.05731848838	1.22583203244	1.12716660253	0.986667607384	1.00366403623
116	1.01216512871	1.00072888411	0.984766404238	1.00622712263	0.933870681868	0.999518142244	1.05731848838	1.22583203244	1.12716660253	0.986667607384	1.00366403623
117	1.01216511363	1.00072889902	0.984766404238	1.00622712263	0.933870681868	0.999518142244	1.05731848838	1.22583203244	1.12716660253	0.986667607384	1.00366403623
118	1.01216511363	1.00072888411	0.984766418912	1.00622712263	0.933870681868	0.999518142244	1.05731848838	1.22583203244	1.12716660253	0.986667607384	1.00366403623
119	1.01216511363	1.00072888411	0.984766404238	1.00622713762	0.933870681868	0.999518142244	1.05731848838	1.22583203244	1.12716660253	0.986667607384	1.00366403623
120	1.01216511363	1.00072888411	0.984766404238	1.00622712263	0.933870695784	0.999518142244	1.05731848838	1.22583203244	1.12716660253	0.986667607384	1.00366403623
121	1.01216511363	1.00072888411	0.984766404238	1.00622712263	0.933870681868	0.999518157138	1.05731848838	1.22583203244	1.12716660253	0.986667607384	1.00366403623
122	1.01216511363	1.00072888411	0.984766404238	1.00622712263	0.933870681868	0.999518142244	1.05731850413	1.22583203244	1.12716660253	0.986667607384	1.00366403623
123	1.01216511363	1.00072888411	0.984766404238	1.00622712263	0.933870681868	0.999518142244	1.05731848838	1.2258320507	1.12716660253	0.986667607384	1.00366403623
124	1.01216511363	1.00072888411	0.984766404238	1.00622712263	0.933870681868	0.999518142244	1.05731848838	1.22583203244	1.12716661933	0.986667607384	1.00366403623
125	1.01216511363	1.00072888411	0.984766404238	1.00622712263	0.933870681868	0.999518142244	1.05731848838	1.22583203244	1.12716660253	0.986667622086	1.00366403623
126	1.01216511363	1.00072888411	0.984766404238	1.00622712263	0.933870681868	0.999518142244	1.05731848838	1.22583203244	1.12716660253	0.986667607384	1.00366405119
127	1.00861240588	1.00047405096	0.989251032017	1.00439724522	0.941785753389	0.999563747452	1.0512707848	1.198438014	1.11144894786	0.991305631185	1.00245876634
128	1.00861242091	1.00047405096	0.989251032017	1.00439724522	0.941785753389	0.999563747452	1.0512707848	1.198438014	1.11144894786	0.991305631185	1.00245876634
129	1.00861240588	1.00047406587	0.989251032017	1.00439724522	0.941785753389	0.999563747452	1.0512707848	1.198438014	1.11144894786	0.991305631185	1.00245876634
130	1.00861240588	1.00047405096	0.989251046758	1.00439724522	0.941785753389	0.999563747452	1.0512707848	1.198438014	1.11144894786	0.991305631185	1.00245876634
131	1.00861240588	1.00047405096	0.989251032017	1.00439726018	0.941785753389	0.999563747452	1.0512707848	1.198438014	1.11144894786	0.991305631185	1.00245876634
132	1.00861240588	1.00047405096	0.989251032017	1.00439724522	0.941785767423	0.999563747452	1.0512707848	1.198438014	1.11144894786	0.991305631185	1.00245876634
133	1.00861240588	1.00047405096	0.989251032017	1.00439724522	0.941785753389	0.999563762347	1.0512707848	1.198438014	1.11144894786	0.991305631185	1.00245876634
134	1.00861240588	1.00047405096	0.989251032017	1.00439724522	0.941785753389	0.999563747452	1.05127080046	1.198438014	1.11144894786	0.991305631185	1.00245876634
135	1.00861240588	1.00047405096	0.989251032017	1.00439724522	0.941785753389	0.999563747452	1.0512707848	1.19843803186	1.11144894786	0.991305631185	1.00245876634
136	1.00861240588	1.00047405096	0.989251032017	1.00439724522	0.941785753389	0.999563747452	1.0512707848	1.198438014	1.11144896442	0.991305631185	1.00245876634
137	1.00861240588	1.00047405096	0.989251032017	1.00439724522	0.941785753389	0.999563747452	1.0512707848	1.198438014	1.11144894786	0.991305645957	1.00245876634
138	1.00861240588	1.00047405096	0.989251032017	1.00439724522	0.941785753389	0.999563747452	1.0512707848	1.198438014	1.11144894786	0.991305631185	1.00245878128
139	1.00349881012	1.00013214701	0.995713608723	1.00176615276	0.960533080203	0.999701900063	1.03560323324	1.13100858391	1.07449402704	0.997514967076	1.00081886718
140	1.00349882507	1.00013214701	0.995713608723	1.00176615276	0.960533080203	0.999701900063	1.03560323324	1.13100858391	1.07449402704	0.997514967076	1.00081886718
141	1.00349881012	1.00013216191	0.995713608723	1.00176615276	0.960533080203	0.999701900063	1.03560323324	1.13100858391	1.07449402704	0.997514967076	1.00081886718
142	1.00349881012	1.00013214701	0.99571362356	1.00176615276	0.960533080203	0.999701900063	1.03560323324	1.13100858391	1.07449402704	0.997514967076	1.00081886718
143	1.00349881012	1.00013214701	0.995713608723	1.00176616769	0.960533080203	0.999701900063	1.03560323324	1.13100858391	1.07449402704	0.997514967076	1.00081886718
144	1.00349881012	1.00013214701	0.995713608723	1.00176615276	0.960533094516	0.999701900063	1.03560323324	1.13100858391	1.07449402704	0.997514967076	1.00081886718
145	1.00349881012	1.00013214701	0.995713608723	1.00176615276	0.960533080203	0.99970191496	1.03560323324	1.13100858391	1.07449402704	0.997514967076	1.00081886718
146	1.00349881012	1.00013214701	0.995713608723	1.00176615276	0.960533080203	0.999701900063	1.03560324867	1.13100858391	1.07449402704	0.997514967076	1.00081886718
147	1.00349881012	1.00013214701	0.995713608723	1.00176615276	0.960533080203	0.999701900063	1.03560323324	1.13100860077	1.07449402704	0.997514967076	1.00081886718
148	1.00349881012	1.00013214701	0.995713608723	1.00176615276	0.960533080203	0.999701900063	1.03560323324	1.13100858391	1.07449404305	0.997514967076	1.00081886718
149	1.00349881012	1.00013214701	0.995713608723	1.00176615276	0.960533080203	0.999701900063	1.03560323324	1.13100858391	1.07449402704	0.997514981941	1.00081886718
150	1.00349881012	1.00013214701	0.995713608723	1.00176615276	0.960533080203	0.999701900063	1.03560323324	1.13100858391	1.07449402704	0.997514967076	1.00081888209
151	1.00177382384	1.00002947009	0.997931702026	1.00085684938	0.970589486285	0.999768818195	1.02669964619	1.09736004458	1.05540523247	0.999425457502	1.00028503736
152	1.00177383877	1.00002947009	0.997931702026	1.00085684938	0.970589486285	0.999768818195	1.02669964619	1.09736004458	1.05540523247	0.999425457502	1.00028503736
153	1.00177382384	1.00002948499	0.997931702026	1.00085684938	0.970589486285	0.999768818195	1.02669964619	1.09736004458	1.05540523247	0.999425457502	1.00028503736
154	1.00177382384	1.00002947009	0.997931716896	1.00085684938	0.970589486285	0.999768818195	1.02669964619	1.09736004458	1.05540523247	0.999425457502	1.00028503736
155	1.00177382384	1.00002947009	0.997931702026	1.00085686429	0.970589486285	0.999768818195	1.02669964619	1.09736004458	1.05540523247	0.999425457502	1.00028503736
156	1.00177382384	1.00002947009	0.997931702026	1.00085684938	0.970589500748	0.999768818195	1.02669964619	1.09736004458	1.05540523247	0.999425457502	1.00028503736
157	1.00177382384	1.00002947009	0.997931702026	1.00085684938	0.970589486285	0.999768833093	1.02669964619	1.09736004458	1.05540523247	0.999425457502	1.00028503736
158	1.00177382384	1.00002947009	0.997931702026	1.00085684938	0.970589486285	0.999768818195	1.02669966149	1.09736004458	1.05540523247	0.999425457502	1.00028503736
159	1.00177382384	1.00002947009	0.997931702026	1.00085684938	0.970589486285	0.999768818195	1.02669964619	1.09736006094	1.05540523247	0.999425457502	1.00028503736
160	1.00177382384	1.00002947009	0.997931702026	1.00085684938	0.970589486285	0.999768818195	1.02669964619	1.09736004458	1.0554052482	0.999425457502	1.00028503736
161	1.00177382384	1.00002947009	0.997931702026	1.00085684938	0.970589486285	0.999768818195	1.02669964619	1.09736004458	1.05540523247	0.999425472394	1.00028503736
162	1.00177382384	1.00002947009	0.997931702026	1.00085684938	0.970589486285	0.999768818195	1.02669964619	1.09736004458	1.05540523247	0.999425457502	1.00028505227
163	1.00026838821	0.999987372041	0.999725249582	1.00011807103	0.990802562467	0.999931889518	1.00813112118	1.02653749808	1.01671890676	1.00021528828	0.999994104523
164	1.00124205476	1.00000138008	0.998601071124	1.00058279837	0.974532810191	0.999798716012	1.0231621184	1.08422699302	1.04797332151	0.999944349542	1.00013465662
165	1.00124206968	1.00000138008	0.998601071124	1.00058279837	0.974532810191	0.999798716012	1.0231621184	1.08422699302	1.04797332151	0.999944349542	1.00013465662
166	1.00124205476	1.00000139499	0.998601071124	1.00058279837	0.974532810191	0.999798716012	1.0231621184	1.08422699302	1.04797332151	0.999944349542	1.00013465662
167	1.00124205476	1.00000138008	0.998601086004	1.00058279837	0.974532810191	0.999798716012	1.0231621184	1.08422699302	1.04797332151	0.999944349542	1.00013465662
168	1.00124205476	1.00000138008	0.998601071124	1.00058281328	0.974532810191	0.999798716012	1.0231621184	1.08422699302	1.04797332151	0.999944349542	1.00013465662
169	1.00124205476	1.00000138008	0.998601071124	1.00058279837	0.974532824713	0.999798716012	1.0231621184	1.08422699302	1.04797332151	0.999944349542	1.00013465662
170	1.00124205476	1.00000138008	0.998601071124	1.00058279837	0.974532810191	0.99979873091	1.0231621184	1.08422699302	1.04797332151	0.999944349542	1.00013465662
171	1.00124205476	1.00000138008	0.998601071124	1.00058279837	0.974532810191	0.999798716012	1.02316213365	1.08422699302	1.04797332151	0.999944349542	1.00013465662
172	1.00124205476	1.00000138008	0.998601071124	1.00058279837	0.974532810191	0.999798716012	1.0231621184	1.08422700918	1.04797332151	0.999944349542	1.00013465662
173	1.00124205476	1.00000138008	0.998601071124	1.00058279837	0.974532810191	0.999798716012	1.0231621184	1.08422699302	1.04797333712	0.999944349542	1.00013465662
174	1.00124205476	1.00000138008	0.998601071124	1.00058279837	0.974532810191	0.999798716012	1.0231621184	1.08422699302	1.04797332151	0.999944364442	1.00013465662
175	1.00124205476	1.00000138008	0.998601071124	1.00058279837	0.974532810191	0.999798716012	1.0231621184	1.08422699302	1.04797332151	0.999944349542	1.00013467152
176	1.00058519648	0.999978530906	0.999393143999	1.00025801988	0.98240408607	0.999863194532	1.01600895767	1.0571174051	1.0329582446	1.00036213448	0.999993120563
177	1.00058521139	0.999978530906	0.999393143999	1.00025801988	0.98240408607	0.999863194532	1.01600895767	1.0571174051	1.0329582446	1.00036213448	0.999993120563
178	1.00058519648	0.999978545807	0.999393143999	1.00025801988	0.98240408607	0.999863194532	1.01600895767	1.0571174051	1.0329582446	1.00036213448	0.999993120563
179	1.00058519648	0.999978530906	0.999393158891	1.00025801988	0.98240408607	0.999863194532	1.01600895767	1.0571174051	1.0329582446	1.00036213448	0.999993120563
180	1.00058519648	0.999978530906	0.999393143999	1.00025803478	0.98240408607	0.999863194532	1.01600895767	1.0571174051	1.0329582446	1.00036213448	0.999993120563
181	1.00058519648	0.999978530906	0.999393143999	1.00025801988	0.982404100709	0.999863194532	1.01600895767	1.0571174051	1.0329582446	1.00036213448	0.999993120563
182	1.00058519648	0.999978530906	0.999393143999	1.00025801988	0.98240408607	0.999863209431	1.01600895767	1.0571174051	1.0329582446	1.00036213448	0.999993120563
183	1.00058519648	0.999978530906	0.999393143999	1.00025801988	0.98240408607	0.999863194532	1.01600897281	1.0571174051	1.0329582446	1.00036213448	0.999993120563
184	1.00058519648	0.999978530906	0.999393143999	1.00025801988	0.98240408607	0.999863194532	1.01600895767	1.05711742086	1.0329582446	1.00036213448	0.999993120563
185	1.00058519648	0.999978530906	0.999393143999	1.00025801988	0.98240408607	0.999863194532	1.01600895767	1.0571174051	1.03295825999	1.00036213448	0.999993120563
186	1.00058519648	0.999978530906	0.999393143999	1.00025801988	0.98240408607	0.999863194532	1.01600895767	1.0571174051	1.0329582446	1.00036214939	0.999993120563
187	1.00058519648	0.999978530906	0.999393143999	1.00025801988	0.98240408607	0.999863194532	1.01600895767	1.0571174051	1.0329582446	1.00036213448	0.999993135464
188	0.99999896074	1.00000027281	1.00000040052	0.999999959142	0.999759533464	1.00000017119	1.00001530572	0.998487405496	1.00011308381	0.999997469014	1.00000395814
189	1.00041580782	0.999975800564	0.999591917894	1.00017471021	0.985089819573	0.999882130532	1.01353290825	1.0483415271	1.027936688	1.00042463397	0.99996381507
190	1.00041582272	0.999975800564	0.999591917894	1.00017471021	0.985089819573	0.999882130532	1.01353290825	1.0483415271	1.027936688	1.00042463397	0.99996381507
191	1.00041580782	0.999975815465	0.999591917894	1.00017471021	0.985089819573	0.999882130532	1.01353290825	1.0483415271	1.027936688	1.00042463397	0.99996381507
192	1.00041580782	0.999975800564	0.999591932789	1.00017471021	0.985089819573	0.999882130532	1.01353290825	1.0483415271	1.027936688	1.00042463397	0.99996381507
193	1.00041580782	0.999975800564	0.999591917894	1.00017472511	0.985089819573	0.999882130532	1.01353290825	1.0483415271	1.027936688	1.00042463397	0.99996381507
194	1.00041580782	0.999975800564	0.999591917894	1.00017471021	0.985089834252	0.999882130532	1.01353290825	1.0483415271	1.027936688	1.00042463397	0.99996381507
195	1.00041580782	0.999975800564	0.999591917894	1.00017471021	0.985089819573	0.999882145431	1.01353290825	1.0483415271	1.027936688	1.00042463397	0.99996381507
196	1.00041580782	0.999975800564	0.999591917894	1.00017471021	0.985089819573	0.999882130532	1.01353292335	1.0483415271	1.027936688	1.00042463397	0.99996381507
197	1.00041580782	0.999975800564	0.999591917894	1.00017471021	0.985089819573	0.999882130532	1.01353290825	1.04834154272	1.027936688	1.00042463397	0.99996381507
198	1.00041580782	0.999975800564	0.999591917894	1.00017471021	0.985089819573	0.999882130532	1.01353290825	1.0483415271	1.02793670332	1.00042463397	0.99996381507
199	1.00041580782	0.999975800564	0.999591917894	1.00017471021	0.985089819573	0.999882130532	1.01353290825	1.0483415271	1.027936688	1.00042464888	0.99996381507
200	1.00041580782	0.999975800564	0.999591917894	1.00017471021	0.985089819573	0.999882130532	1.01353290825	1.0483415271	1.027936688	1.00042463397	0.99996382997
201	1.00020337636	0.999979448962	0.999821640603	1.00007845612	0.990402530156	0.999925178118	1.00865655001	1.03054277619	1.0179070538	1.00036329756	0.999954170223
202	1.00020339126	0.999979448962	0.999821640603	1.00007845612	0.990402530156	0.999925178118	1.00865655001	1.03054277619	1.0179070538	1.00036329756	0.999954170223
203	1.00020337636	0.999979463863	0.999821640603	1.00007845612	0.990402530156	0.999925178118	1.00865655001	1.03054277619	1.0179070538	1.00036329756	0.999954170223
204	1.00020337636	0.999979448962	0.999821655502	1.00007845612	0.990402530156	0.999925178118	1.00865655001	1.03054277619	1.0179070538	1.00036329756	0.999954170223
205	1.00020337636	0.999979448962	0.999821640603	1.00007847103	0.990402530156	0.999925178118	1.00865655001	1.03054277619	1.0179070538	1.00036329756	0.999954170223
206	1.00020337636	0.999979448962	0.999821640603	1.00007845612	0.990402544914	0.999925178118	1.00865655001	1.03054277619	1.0179070538	1.00036329756	0.999954170223
207	1.00020337636	0.999979448962	0.999821640603	1.00007845612	0.990402530156	0.999925193018	1.00865655001	1.03054277619	1.0179070538	1.00036329756	0.999954170223
208	1.00020337636	0.999979448962	0.999821640603	1.00007845612	0.990402530156	0.999925178118	1.00865656504	1.03054277619	1.0179070538	1.00036329756	0.999954170223
209	1.00020337636	0.999979448962	0.999821640603	1.00007845612	0.990402530156	0.999925178118	1.00865655001	1.03054279154	1.0179070538	1.00036329756	0.999954170223
210	1.00020337636	0.999979448962	0.999821640603	1.00007845612	0.990402530156	0.999925178118	1.00865655001	1.03054277619	1.01790706897	1.00036329756	0.999954170223
211	1.00020337636	0.999979448962	0.999821640603	1.00007845612	0.990402530156	0.999925178118	1.00865655001	1.03054277619	1.0179070538	1.00036331246	0.999954170223
212	1.00020337636	0.999979448962	0.999821640603	1.00007845612	0.990402530156	0.999925178118	1.00865655001	1.03054277619	1.0179070538	1.00036329756	0.999954185124
213	0.999999774839	1.00000007812	1.00000010867	0.999999994928	0.999927943059	1.00000004538	1.00000434758	0.999563570056	1.00003449189	0.99999920911	1.00000112054
214	1.00009286382	0.999987295337	0.999927138034	1.00003259404	0.994651489352	0.999958087287	1.00477044673	1.01673594741	1.00995328208	1.00022880975	0.999967579849
215	1.00009287872	0.999987295337	0.999927138034	1.00003259404	0.994651489352	0.999958087287	1.00477044673	1.01673594741	1.00995328208	1.00022880975	0.999967579849
216	1.00009286382	0.999987310238	0.999927138034	1.00003259404	0.994651489352	0.999958087287	1.00477044673	1.01673594741	1.00995328208	1.00022880975	0.999967579849
217	1.00009286382	0.999987295337	0.999927152935	1.00003259404	0.994651489352	0.999958087287	1.00477044673	1.01673594741	1.00995328208	1.00022880975	0.999967579849
218	1.00009286382	0.999987295337	0.999927138034	1.00003260894	0.994651489352	0.999958087287	1.00477044673	1.01673594741	1.00995328208	1.00022880975	0.999967579849
219	1.00009286382	0.999987295337	0.999927138034	1.00003259404	0.994651504173	0.999958087287	1.00477044673	1.01673594741	1.00995328208	1.00022880975	0.999967579849
220	1.00009286382	0.999987295337	0.999927138034	1.00003259404	0.994651489352	0.999958102187	1.00477044673	1.01673594741	1.00995328208	1.00022880975	0.999967579849
221	1.00009286382	0.999987295337	0.999927138034	1.00003259404	0.994651489352	0.999958087287	1.0047704617	1.01673594741	1.00995328208	1.00022880975	0.999967579849
222	1.00009286382	0.999987295337	0.999927138034	1.00003259404	0.994651489352	0.999958087287	1.00477044673	1.01673596256	1.00995328208	1.00022880975	0.999967579849
223	1.00009286382	0.999987295337	0.999927138034	1.00003259404	0.994651489352	0.999958087287	1.00477044673	1.01673594741	1.00995329713	1.00022880975	0.999967579849
224	1.00009286382	0.999987295337	0.999927138034	1.00003259404	0.994651489352	0.999958087287	1.00477044673	1.01673594741	1.00995328208	1.00022882466	0.999967579849
225	1.00009286382	0.999987295337	0.999927138034	1.00003259404	0.994651489352	0.999958087287	1.00477044673	1.01673594741	1.00995328208	1.00022880975	0.99996759475
226	0.999999936396	1.00000002352	1.00000003252	0.99999999917	0.999977784057	1.00000001407	1.00000125677	0.999868122932	1.00001033759	0.999999755412	1.00000033649
227	0.999999951297	1.00000002352	1.00000003252	0.99999999917	0.999977784057	1.00000001407	1.00000125677	0.999868122932	1.00001033759	0.999999755412	1.00000033649
228	0.999999936396	1.00000003842	1.00000003252	0.99999999917	0.999977784057	1.00000001407	1.00000125677	0.999868122932	1.00001033759	0.999999755412	1.00000033649
229	0.999999936396	1.00000002352	1.00000004742	0.99999999917	0.999977784057	1.00000001407	1.00000125677	0.999868122932	1.00001033759	0.999999755412	1.00000033649
230	0.999999936396	1.00000002352	1.00000003252	1.00000001407	0.999977784057	1.00000001407	1.00000125677	0.999868122932	1.00001033759	0.999999755412	1.00000033649
231	0.999999936396	1.00000002352	1.00000003252	0.99999999917	0.999977798957	1.00000001407	1.00000125677	0.999868122932	1.00001033759	0.999999755412	1.00000033649
232	0.999999936396	1.00000002352	1.00000003252	0.99999999917	0.999977784057	1.00000002897	1.00000125677	0.999868122932	1.00001033759	0.999999755412	1.00000033649
233	0.999999936396	1.00000002352	1.00000003252	0.99999999917	0.999977784057	1.00000001407	1.00000127167	0.999868122932	1.00001033759	0.999999755412	1.00000033649
234	0.999999936396	1.00000002352	1.00000003252	0.99999999917	0.999977784057	1.00000001407	1.00000125677	0.999868137832	1.00001033759	0.999999755412	1.00000033649
235	0.999999936396	1.00000002352	1.00000003252	0.99999999917	0.999977784057	1.00000001407	1.00000125677	0.999868122932	1.00001035249	0.999999755412	1.00000033649
236	0.999999936396	1.00000002352	1.00000003252	0.99999999917	0.999977784057	1.00000001407	1.00000125677	0.999868122932	1.00001033759	0.999999770314	1.00000033649
237	0.999999936396	1.00000002352	1.00000003252	0.99999999917	0.999977784057	1.00000001407	1.00000125677	0.999868122932	1.00001033759	0.999999755412	1.00000035139
238	1.00000000003	1.0	0.999999999978	0.999999999945	0.999999964362	0.999999999927	1.00000000041	1.00000003015	1.00000004656	1.00000000012	0.999999999874
239	1.00000001493	1.0	0.999999999978	0.999999999945	0.999999964362	0.999999999927	1.00000000041	1.00000003015	1.00000004656	1.00000000012	0.999999999874
240	1.00000000003	1.0000000149	0.999999999978	0.999999999945	0.999999964362	0.999999999927	1.00000000041	1.00000003015	1.00000004656	1.00000000012	0.999999999874
241	1.00000000003	1.0	1.00000001488	0.999999999945	0.999999964362	0.999999999927	1.00000000041	1.00000003015	1.00000004656	1.00000000012	0.999999999874
242	1.00000000003	1.0	0.999999999978	1.00000001485	0.999999964362	0.999999999927	1.00000000041	1.00000003015	1.00000004656	1.00000000012	0.999999999874
243	1.00000000003	1.0	0.999999999978	0.999999999945	0.999999979263	0.999999999927	1.00000000041	1.00000003015	1.00000004656	1.00000000012	0.999999999874
244	1.00000000003	1.0	0.999999999978	0.999999999945	0.999999964362	1.00000001483	1.00000000041	1.00000003015	1.00000004656	1.00000000012	0.999999999874
245	1.00000000003	1.0	0.999999999978	0.999999999945	0.999999964362	0.999999999927	1.00000001532	1.00000003015	1.00000004656	1.00000000012	0.999999999874
246	1.00000000003	1.0	0.999999999978	0.999999999945	0.999999964362	0.999999999927	1.00000000041	1.00000004505	1.00000004656	1.00000000012	0.999999999874
247	1.00000000003	1.0	0.999999999978	0.999999999945	0.999999964362	0.999999999927	1.00000000041	1.00000003015	1.00000006146	1.00000000012	0.999999999874
248	1.00000000003	1.0	0.999999999978	0.999999999945	0.999999964362	0.999999999927	1.00000000041	1.00000003015	1.00000004656	1.00000001503	0.999999999874
249	1.00000000003	1.0	0.999999999978	0.999999999945	0.999999964362	0.999999999927	1.00000000041	1.00000003015	1.00000004656	1.00000000012	1.00000001478
250	1.00000000002	1.0	0.999999999982	0.999999999947	0.99999999988	0.999999999932	1.00000000051	1.00000000127	1.00000000026	1.00000000007	0.999999999932